#A #B
607 -0.19203
607.0005 -0.19205
607.001 -0.19232
607.0015 -0.19204
607.002 -0.19221
607.0025 -0.19215
607.003 -0.1926
607.0035 -0.19241
607.004 -0.19211
607.0045 -0.19235
607.005 -0.1926
607.0055 -0.19219
607.006 -0.19211
607.0065 -0.19229
607.007 -0.19233
607.0075 -0.1925
607.008 -0.1926
607.0085 -0.19232
607.009 -0.1927
607.0095 -0.1924
607.01 -0.19204
607.0105 -0.19248
607.011 -0.19241
607.0115 -0.19246
607.012 -0.19208
607.0125 -0.19226
607.013 -0.19264
607.0135 -0.19217
607.014 -0.1922
607.0145 -0.19224
607.015 -0.19236
607.0155 -0.19264
607.016 -0.19247
607.0165 -0.19238
607.017 -0.19227
607.0175 -0.19223
607.018 -0.1922
607.0185 -0.19236
607.019 -0.19233
607.0195 -0.19203
607.02 -0.19236
607.0205 -0.19225
607.021 -0.19225
607.0215 -0.19225
607.022 -0.19233
607.0225 -0.19239
607.023 -0.19244
607.0235 -0.19214
607.024 -0.19227
607.0245 -0.19247
607.025 -0.1922
607.0255 -0.19203
607.026 -0.19214
607.0265 -0.19258
607.027 -0.19232
607.0275 -0.19224
607.028 -0.19239
607.0285 -0.19216
607.029 -0.19267
607.0295 -0.19228
607.03 -0.19248
607.0305 -0.19241
607.031 -0.19256
607.0315 -0.1922
607.032 -0.1923
607.0325 -0.19277
607.033 -0.19237
607.0335 -0.19266
607.034 -0.1925
607.0345 -0.19256
607.035 -0.19215
607.0355 -0.19266
607.036 -0.19242
607.0365 -0.19252
607.037 -0.19259
607.0375 -0.19269
607.038 -0.19304
607.0385 -0.19253
607.039 -0.19267
607.0395 -0.19264
607.04 -0.19248
607.0405 -0.19242
607.041 -0.19286
607.0415 -0.19237
607.042 -0.19261
607.0425 -0.19229
607.043 -0.19249
607.0435 -0.19282
607.044 -0.19269
607.0445 -0.19265
607.045 -0.19239
607.0455 -0.19253
607.046 -0.19246
607.0465 -0.19235
607.047 -0.19247
607.0475 -0.19249
607.048 -0.19233
607.0485 -0.19239
607.049 -0.19266
607.0495 -0.19263
607.05 -0.19324
607.0505 -0.19273
607.051 -0.19302
607.0515 -0.1928
607.052 -0.19274
607.0525 -0.19262
607.053 -0.19244
607.0535 -0.19273
607.054 -0.1926
607.0545 -0.1928
607.055 -0.19291
607.0555 -0.19303
607.056 -0.1926
607.0565 -0.19276
607.057 -0.19285
607.0575 -0.19266
607.058 -0.19255
607.0585 -0.19294
607.059 -0.19273
607.0595 -0.19276
607.06 -0.19258
607.0605 -0.19316
607.061 -0.19282
607.0615 -0.19294
607.062 -0.19284
607.0625 -0.19306
607.063 -0.1931
607.0635 -0.19283
607.064 -0.19245
607.0645 -0.19285
607.065 -0.19288
607.0655 -0.19249
607.066 -0.1932
607.0665 -0.19275
607.067 -0.19341
607.0675 -0.19332
607.068 -0.19307
607.0685 -0.19292
607.069 -0.19312
607.0695 -0.19311
607.07 -0.19303
607.0705 -0.19318
607.071 -0.19324
607.0715 -0.19343
607.072 -0.19321
607.0725 -0.19361
607.073 -0.19294
607.0735 -0.19353
607.074 -0.19296
607.0745 -0.19332
607.075 -0.19348
607.0755 -0.19332
607.076 -0.19368
607.0765 -0.19391
607.077 -0.19335
607.0775 -0.19325
607.078 -0.19311
607.0785 -0.19351
607.079 -0.1941
607.0795 -0.19319
607.08 -0.19427
607.0805 -0.19345
607.081 -0.19395
607.0815 -0.19428
607.082 -0.19399
607.0825 -0.19357
607.083 -0.19388
607.0835 -0.19386
607.084 -0.19397
607.0845 -0.1941
607.085 -0.19456
607.0855 -0.19378
607.086 -0.19345
607.0865 -0.19429
607.087 -0.19364
607.0875 -0.19394
607.088 -0.19396
607.0885 -0.19434
607.089 -0.19445
607.0895 -0.1941
607.09 -0.19424
607.0905 -0.19419
607.091 -0.19428
607.0915 -0.19472
607.092 -0.19474
607.0925 -0.19488
607.093 -0.19464
607.0935 -0.19491
607.094 -0.19542
607.0945 -0.19535
607.095 -0.19543
607.0955 -0.19554
607.096 -0.19543
607.0965 -0.1957
607.097 -0.19565
607.0975 -0.19541
607.098 -0.19548
607.0985 -0.19578
607.099 -0.19642
607.0995 -0.19669
607.1 -0.19712
607.1005 -0.19702
607.101 -0.19693
607.1015 -0.1969
607.102 -0.19738
607.1025 -0.19672
607.103 -0.19807
607.1035 -0.19824
607.104 -0.19937
607.1045 -0.19982
607.105 -0.19897
607.1055 -0.19946
607.106 -0.19978
607.1065 -0.20116
607.107 -0.20062
607.1075 -0.20154
607.108 -0.20245
607.1085 -0.20162
607.109 -0.20125
607.1095 -0.20294
607.11 -0.2035
607.1105 -0.20445
607.111 -0.20509
607.1115 -0.20609
607.112 -0.20897
607.1125 -0.21079
607.113 -0.21019
607.1135 -0.21227
607.114 -0.21414
607.1145 -0.21291
607.115 -0.21407
607.1155 -0.21603
607.116 -0.21826
607.1165 -0.21815
607.117 -0.21962
607.1175 -0.2236
607.118 -0.22175
607.1185 -0.22424
607.119 -0.2301
607.1195 -0.23292
607.12 -0.2342
607.1205 -0.24011
607.121 -0.24119
607.1215 -0.24457
607.122 -0.24485
607.1225 -0.24948
607.123 -0.25946
607.1235 -0.25926
607.124 -0.26523
607.1245 -0.26949
607.125 -0.27572
607.1255 -0.27933
607.126 -0.28238
607.1265 -0.28658
607.127 -0.29057
607.1275 -0.29523
607.128 -0.29966
607.1285 -0.3079
607.129 -0.31686
607.1295 -0.32612
607.13 -0.34815
607.1305 -0.35889
607.131 -0.38697
607.1315 -0.40976
607.132 -0.43866
607.1325 -0.46782
607.133 -0.50125
607.1335 -0.54605
607.134 -0.56596
607.1345 -0.59384
607.135 -0.61252
607.1355 -0.61344
607.136 -0.62975
607.1365 -0.63045
607.137 -0.6249
607.1375 -0.61619
607.138 -0.59379
607.1385 -0.58038
607.139 -0.55359
607.1395 -0.54596
607.14 -0.52563
607.1405 -0.5166
607.141 -0.50287
607.1415 -0.50248
607.142 -0.48541
607.1425 -0.48613
607.143 -0.46552
607.1435 -0.46275
607.144 -0.46312
607.1445 -0.46095
607.145 -0.46346
607.1455 -0.4739
607.146 -0.48731
607.1465 -0.50621
607.147 -0.57383
607.1475 -0.5863
607.148 -0.6539
607.1485 -0.73449
607.149 -0.7863
607.1495 -0.85994
607.15 -0.90998
607.1505 -0.95632
607.151 -0.99642
607.1515 -1.02064
607.152 -1.04875
607.1525 -1.04026
607.153 -1.03445
607.1535 -0.93943
607.154 -0.90422
607.1545 -0.86369
607.155 -0.8008
607.1555 -0.76557
607.156 -0.71314
607.1565 -0.65174
607.157 -0.6027
607.1575 -0.55494
607.158 -0.52282
607.1585 -0.48271
607.159 -0.43733
607.1595 -0.42793
607.16 -0.4071
607.1605 -0.39194
607.161 -0.3867
607.1615 -0.37815
607.162 -0.38059
607.1625 -0.3791
607.163 -0.39393
607.1635 -0.40306
607.164 -0.42261
607.1645 -0.44071
607.165 -0.45557
607.1655 -0.48106
607.166 -0.50503
607.1665 -0.52309
607.167 -0.55479
607.1675 -0.56144
607.168 -0.57274
607.1685 -0.58629
607.169 -0.57583
607.1695 -0.56621
607.17 -0.54674
607.1705 -0.53992
607.171 -0.50609
607.1715 -0.4901
607.172 -0.46625
607.1725 -0.43084
607.173 -0.40687
607.1735 -0.37425
607.174 -0.3512
607.1745 -0.33005
607.175 -0.30887
607.1755 -0.28922
607.176 -0.27887
607.1765 -0.2646
607.177 -0.25768
607.1775 -0.24776
607.178 -0.24236
607.1785 -0.23731
607.179 -0.23004
607.1795 -0.22932
607.18 -0.22605
607.1805 -0.22341
607.181 -0.22144
607.1815 -0.22011
607.182 -0.21899
607.1825 -0.21639
607.183 -0.21492
607.1835 -0.21452
607.184 -0.21206
607.1845 -0.21146
607.185 -0.20945
607.1855 -0.20999
607.186 -0.20822
607.1865 -0.20844
607.187 -0.20563
607.1875 -0.2053
607.188 -0.20333
607.1885 -0.20383
607.189 -0.20293
607.1895 -0.20137
607.19 -0.20179
607.1905 -0.2
607.191 -0.19954
607.1915 -0.2003
607.192 -0.19802
607.1925 -0.19885
607.193 -0.1972
607.1935 -0.19671
607.194 -0.19757
607.1945 -0.19639
607.195 -0.19595
607.1955 -0.19591
607.196 -0.19574
607.1965 -0.19599
607.197 -0.19574
607.1975 -0.19489
607.198 -0.19571
607.1985 -0.19527
607.199 -0.19492
607.1995 -0.19465
607.2 -0.19501
607.2005 -0.19416
607.201 -0.19432
607.2015 -0.1943
607.202 -0.19457
607.2025 -0.19399
607.203 -0.19415
607.2035 -0.19438
607.204 -0.19416
607.2045 -0.19441
607.205 -0.19443
607.2055 -0.19419
607.206 -0.19391
607.2065 -0.19457
607.207 -0.19397
607.2075 -0.19355
607.208 -0.19457
607.2085 -0.19366
607.209 -0.194
607.2095 -0.19386
607.21 -0.19376
607.2105 -0.19377
607.211 -0.19318
607.2115 -0.19372
607.212 -0.19425
607.2125 -0.19332
607.213 -0.19346
607.2135 -0.19403
607.214 -0.19341
607.2145 -0.19365
607.215 -0.19354
607.2155 -0.19338
607.216 -0.1933
607.2165 -0.19351
607.217 -0.19335
607.2175 -0.19327
607.218 -0.1931
607.2185 -0.19396
607.219 -0.19337
607.2195 -0.1934
607.22 -0.19323
607.2205 -0.19296
607.221 -0.19294
607.2215 -0.19338
607.222 -0.19312
607.2225 -0.19317
607.223 -0.19265
607.2235 -0.19305
607.224 -0.19289
607.2245 -0.19338
607.225 -0.19314
607.2255 -0.19363
607.226 -0.19344
607.2265 -0.19325
607.227 -0.19271
607.2275 -0.19319
607.228 -0.19295
607.2285 -0.19259
607.229 -0.19331
607.2295 -0.19274
607.23 -0.19271
607.2305 -0.19286
607.231 -0.19281
607.2315 -0.19249
607.232 -0.19271
607.2325 -0.19255
607.233 -0.19286
607.2335 -0.19309
607.234 -0.1925
607.2345 -0.19326
607.235 -0.19292
607.2355 -0.19285
607.236 -0.19283
607.2365 -0.19244
607.237 -0.19242
607.2375 -0.19301
607.238 -0.19247
607.2385 -0.19258
607.239 -0.19288
607.2395 -0.19279
607.24 -0.19265
607.2405 -0.19259
607.241 -0.1925
607.2415 -0.19256
607.242 -0.19266
607.2425 -0.19251
607.243 -0.19294
607.2435 -0.19256
607.244 -0.19264
607.2445 -0.19254
607.245 -0.19263
607.2455 -0.19238
607.246 -0.19255
607.2465 -0.19223
607.247 -0.19247
607.2475 -0.19289
607.248 -0.19251
607.2485 -0.19256
607.249 -0.1925
607.2495 -0.19291
607.25 -0.19242
