A B
435.45 -0.19461
435.4505 -0.19435
435.451 -0.19418
435.4515 -0.19452
435.452 -0.19376
435.4525 -0.19416
435.453 -0.19422
435.4535 -0.19368
435.454 -0.19442
435.4545 -0.19399
435.455 -0.19432
435.4555 -0.19428
435.456 -0.19446
435.4565 -0.19464
435.457 -0.19457
435.4575 -0.19463
435.458 -0.19521
435.4585 -0.19435
435.459 -0.1953
435.4595 -0.19449
435.46 -0.19519
435.4605 -0.19519
435.461 -0.195
435.4615 -0.19492
435.462 -0.19533
435.4625 -0.19601
435.463 -0.19547
435.4635 -0.19467
435.464 -0.19563
435.4645 -0.19597
435.465 -0.19549
435.4655 -0.19585
435.466 -0.19539
435.4665 -0.19599
435.467 -0.1966
435.4675 -0.19624
435.468 -0.19561
435.4685 -0.19546
435.469 -0.19669
435.4695 -0.19633
435.47 -0.19654
435.4705 -0.19723
435.471 -0.19669
435.4715 -0.19665
435.472 -0.19744
435.4725 -0.1973
435.473 -0.19676
435.4735 -0.19865
435.474 -0.19646
435.4745 -0.1981
435.475 -0.19727
435.4755 -0.1989
435.476 -0.19887
435.4765 -0.19791
435.477 -0.19841
435.4775 -0.1983
435.478 -0.19879
435.4785 -0.20012
435.479 -0.20036
435.4795 -0.19982
435.48 -0.19969
435.4805 -0.19931
435.481 -0.20168
435.4815 -0.20152
435.482 -0.20092
435.4825 -0.20092
435.483 -0.2012
435.4835 -0.20217
435.484 -0.20245
435.4845 -0.20365
435.485 -0.20411
435.4855 -0.20655
435.486 -0.20437
435.4865 -0.20508
435.487 -0.20805
435.4875 -0.20772
435.488 -0.20677
435.4885 -0.2094
435.489 -0.21174
435.4895 -0.21146
435.49 -0.21122
435.4905 -0.21463
435.491 -0.21296
435.4915 -0.2161
435.492 -0.2177
435.4925 -0.21623
435.493 -0.21969
435.4935 -0.2235
435.494 -0.22364
435.4945 -0.22788
435.495 -0.23007
435.4955 -0.23127
435.496 -0.23609
435.4965 -0.23947
435.497 -0.24282
435.4975 -0.24401
435.498 -0.25011
435.4985 -0.25528
435.499 -0.25982
435.4995 -0.26029
435.5 -0.27196
435.5005 -0.27593
435.501 -0.28409
435.5015 -0.29013
435.502 -0.29614
435.5025 -0.30538
435.503 -0.31237
435.5035 -0.31682
435.504 -0.32801
435.5045 -0.34955
435.505 -0.34911
435.5055 -0.36404
435.506 -0.38084
435.5065 -0.39775
435.507 -0.41262
435.5075 -0.42871
435.508 -0.44219
435.5085 -0.46644
435.509 -0.48312
435.5095 -0.51128
435.51 -0.53466
435.5105 -0.55877
435.511 -0.59475
435.5115 -0.59962
435.512 -0.63741
435.5125 -0.66267
435.513 -0.68709
435.5135 -0.7086
435.514 -0.73252
435.5145 -0.75553
435.515 -0.78447
435.5155 -0.79593
435.516 -0.83159
435.5165 -0.85673
435.517 -0.87568
435.5175 -0.90045
435.518 -0.92448
435.5185 -0.95633
435.519 -0.97262
435.5195 -0.98779
435.52 -1.01762
435.5205 -1.0356
435.521 -1.05102
435.5215 -1.07178
435.522 -1.10166
435.5225 -1.11371
435.523 -1.14117
435.5235 -1.13628
435.524 -1.16394
435.5245 -1.18266
435.525 -1.17564
435.5255 -1.18916
435.526 -1.1934
435.5265 -1.20652
435.527 -1.23188
435.5275 -1.22376
435.528 -1.23982
435.5285 -1.22122
435.529 -1.21787
435.5295 -1.22809
435.53 -1.21943
435.5305 -1.22668
435.531 -1.21806
435.5315 -1.21163
435.532 -1.20029
435.5325 -1.17836
435.533 -1.17785
435.5335 -1.14969
435.534 -1.14155
435.5345 -1.12277
435.535 -1.09994
435.5355 -1.09404
435.536 -1.06553
435.5365 -1.03543
435.537 -1.00599
435.5375 -0.96814
435.538 -0.96246
435.5385 -0.92841
435.539 -0.89892
435.5395 -0.87736
435.54 -0.84642
435.5405 -0.83418
435.541 -0.80196
435.5415 -0.77696
435.542 -0.74936
435.5425 -0.72451
435.543 -0.68934
435.5435 -0.67972
435.544 -0.65538
435.5445 -0.63871
435.545 -0.61263
435.5455 -0.59105
435.546 -0.56822
435.5465 -0.55019
435.547 -0.52423
435.5475 -0.52348
435.548 -0.49569
435.5485 -0.47509
435.549 -0.46046
435.5495 -0.43481
435.55 -0.42821
435.5505 -0.41143
435.551 -0.39651
435.5515 -0.38943
435.552 -0.37613
435.5525 -0.36045
435.553 -0.34955
435.5535 -0.3397
435.554 -0.32743
435.5545 -0.31285
435.555 -0.29748
435.5555 -0.29411
435.556 -0.28786
435.5565 -0.27773
435.557 -0.27407
435.5575 -0.266
435.558 -0.26168
435.5585 -0.25274
435.559 -0.24624
435.5595 -0.24271
435.56 -0.23616
435.5605 -0.2364
435.561 -0.23447
435.5615 -0.22823
435.562 -0.2264
435.5625 -0.22233
435.563 -0.21949
435.5635 -0.21837
435.564 -0.21542
435.5645 -0.21589
435.565 -0.21302
435.5655 -0.21061
435.566 -0.21011
435.5665 -0.21083
435.567 -0.20872
435.5675 -0.20835
435.568 -0.20577
435.5685 -0.2047
435.569 -0.20586
435.5695 -0.20396
435.57 -0.20445
435.5705 -0.20298
435.571 -0.20162
435.5715 -0.20307
435.572 -0.20203
435.5725 -0.20142
435.573 -0.20041
435.5735 -0.19967
435.574 -0.20021
435.5745 -0.20028
435.575 -0.1993
435.5755 -0.198
435.576 -0.19912
435.5765 -0.19849
435.577 -0.19839
435.5775 -0.1981
435.578 -0.19792
435.5785 -0.19836
435.579 -0.19733
435.5795 -0.19815
435.58 -0.1973
435.5805 -0.19779
435.581 -0.19704
435.5815 -0.19594
435.582 -0.19699
435.5825 -0.19656
435.583 -0.19563
435.5835 -0.19718
435.584 -0.1958
435.5845 -0.1969
435.585 -0.19659
435.5855 -0.19732
435.586 -0.19605
435.5865 -0.1959
435.587 -0.19582
435.5875 -0.19611
435.588 -0.19528
435.5885 -0.19564
435.589 -0.19673
435.5895 -0.19559
435.59 -0.1951
435.5905 -0.19615
435.591 -0.19524
435.5915 -0.1951
435.592 -0.19534
435.5925 -0.19515
435.593 -0.19481
435.5935 -0.19489
435.594 -0.19479
435.5945 -0.19577
435.595 -0.19489
435.5955 -0.19439
435.596 -0.19455
435.5965 -0.19441
435.597 -0.19509
435.5975 -0.1941
435.598 -0.19505
435.5985 -0.19469
435.599 -0.19489
435.5995 -0.19462
435.6 -0.1943
