#A #B
435.45 -0.19347
435.4505 -0.19385
435.451 -0.19368
435.4515 -0.19378
435.452 -0.19364
435.4525 -0.1933
435.453 -0.19403
435.4535 -0.19399
435.454 -0.1936
435.4545 -0.19443
435.455 -0.19351
435.4555 -0.19464
435.456 -0.19399
435.4565 -0.19379
435.457 -0.1944
435.4575 -0.19359
435.458 -0.19401
435.4585 -0.1941
435.459 -0.19458
435.4595 -0.19367
435.46 -0.19402
435.4605 -0.19457
435.461 -0.19427
435.4615 -0.19479
435.462 -0.19441
435.4625 -0.19425
435.463 -0.19461
435.4635 -0.19466
435.464 -0.1949
435.4645 -0.1948
435.465 -0.19472
435.4655 -0.1957
435.466 -0.19459
435.4665 -0.19486
435.467 -0.19491
435.4675 -0.19446
435.468 -0.19521
435.4685 -0.19532
435.469 -0.19489
435.4695 -0.19523
435.47 -0.19602
435.4705 -0.19621
435.471 -0.19585
435.4715 -0.19543
435.472 -0.19658
435.4725 -0.19568
435.473 -0.19635
435.4735 -0.19601
435.474 -0.1964
435.4745 -0.19705
435.475 -0.19676
435.4755 -0.19727
435.476 -0.19666
435.4765 -0.19633
435.477 -0.1979
435.4775 -0.19749
435.478 -0.19843
435.4785 -0.19746
435.479 -0.19789
435.4795 -0.19741
435.48 -0.19821
435.4805 -0.19838
435.481 -0.19852
435.4815 -0.19804
435.482 -0.19878
435.4825 -0.19977
435.483 -0.20008
435.4835 -0.20012
435.484 -0.20055
435.4845 -0.20043
435.485 -0.20106
435.4855 -0.20217
435.486 -0.20254
435.4865 -0.20291
435.487 -0.20384
435.4875 -0.20365
435.488 -0.2052
435.4885 -0.20492
435.489 -0.20667
435.4895 -0.2054
435.49 -0.20772
435.4905 -0.20839
435.491 -0.20859
435.4915 -0.20936
435.492 -0.21189
435.4925 -0.21255
435.493 -0.21167
435.4935 -0.2171
435.494 -0.21745
435.4945 -0.2167
435.495 -0.21965
435.4955 -0.22166
435.496 -0.22268
435.4965 -0.22545
435.497 -0.22979
435.4975 -0.23419
435.498 -0.23503
435.4985 -0.23595
435.499 -0.24335
435.4995 -0.24235
435.5 -0.25076
435.5005 -0.25272
435.501 -0.25394
435.5015 -0.26616
435.502 -0.26733
435.5025 -0.2708
435.503 -0.27871
435.5035 -0.28417
435.504 -0.28977
435.5045 -0.29621
435.505 -0.30378
435.5055 -0.31883
435.506 -0.32949
435.5065 -0.33681
435.507 -0.35111
435.5075 -0.35875
435.508 -0.37386
435.5085 -0.39404
435.509 -0.40236
435.5095 -0.42978
435.51 -0.45142
435.5105 -0.46672
435.511 -0.49193
435.5115 -0.50122
435.512 -0.53182
435.5125 -0.55819
435.513 -0.57665
435.5135 -0.60024
435.514 -0.61531
435.5145 -0.64808
435.515 -0.68046
435.5155 -0.69032
435.516 -0.71675
435.5165 -0.74053
435.517 -0.76479
435.5175 -0.79475
435.518 -0.80755
435.5185 -0.84375
435.519 -0.85383
435.5195 -0.86544
435.52 -0.89938
435.5205 -0.92689
435.521 -0.94363
435.5215 -0.96118
435.522 -0.97036
435.5225 -0.99809
435.523 -1.00192
435.5235 -1.01383
435.524 -1.02423
435.5245 -1.04691
435.525 -1.04284
435.5255 -1.06001
435.526 -1.06597
435.5265 -1.07214
435.527 -1.07538
435.5275 -1.07958
435.528 -1.07315
435.5285 -1.07216
435.529 -1.0675
435.5295 -1.07215
435.53 -1.06458
435.5305 -1.04851
435.531 -1.05836
435.5315 -1.04176
435.532 -1.02784
435.5325 -1.00457
435.533 -1.01172
435.5335 -0.9772
435.534 -0.973
435.5345 -0.94925
435.535 -0.9279
435.5355 -0.90925
435.536 -0.87421
435.5365 -0.84905
435.537 -0.82866
435.5375 -0.79602
435.538 -0.77056
435.5385 -0.74858
435.539 -0.71091
435.5395 -0.69103
435.54 -0.65991
435.5405 -0.64299
435.541 -0.61863
435.5415 -0.58775
435.542 -0.56054
435.5425 -0.53746
435.543 -0.49936
435.5435 -0.49979
435.544 -0.46824
435.5445 -0.45194
435.545 -0.42529
435.5455 -0.41039
435.546 -0.39595
435.5465 -0.38618
435.547 -0.35872
435.5475 -0.35395
435.548 -0.33918
435.5485 -0.32429
435.549 -0.31142
435.5495 -0.30152
435.55 -0.29557
435.5505 -0.28669
435.551 -0.27459
435.5515 -0.26839
435.552 -0.26074
435.5525 -0.2555
435.553 -0.25076
435.5535 -0.24097
435.554 -0.2429
435.5545 -0.23726
435.555 -0.23397
435.5555 -0.22958
435.556 -0.22663
435.5565 -0.22382
435.557 -0.22129
435.5575 -0.2187
435.558 -0.21762
435.5585 -0.21528
435.559 -0.21197
435.5595 -0.21116
435.56 -0.20987
435.5605 -0.20808
435.561 -0.20761
435.5615 -0.20552
435.562 -0.20534
435.5625 -0.20411
435.563 -0.20436
435.5635 -0.20329
435.564 -0.20251
435.5645 -0.20201
435.565 -0.20082
435.5655 -0.2008
435.566 -0.19965
435.5665 -0.2004
435.567 -0.20025
435.5675 -0.19902
435.568 -0.19916
435.5685 -0.19809
435.569 -0.1991
435.5695 -0.19957
435.57 -0.19824
435.5705 -0.1981
435.571 -0.1975
435.5715 -0.19832
435.572 -0.19744
435.5725 -0.19692
435.573 -0.19754
435.5735 -0.1979
435.574 -0.19635
435.5745 -0.19662
435.575 -0.1968
435.5755 -0.19629
435.576 -0.19619
435.5765 -0.19582
435.577 -0.19569
435.5775 -0.19501
435.578 -0.19637
435.5785 -0.19596
435.579 -0.19555
435.5795 -0.19611
435.58 -0.19606
435.5805 -0.19508
435.581 -0.19581
435.5815 -0.19483
435.582 -0.19513
435.5825 -0.1953
435.583 -0.19504
435.5835 -0.19483
435.584 -0.19565
435.5845 -0.19446
435.585 -0.19472
435.5855 -0.19466
435.586 -0.19527
435.5865 -0.19482
435.587 -0.1946
435.5875 -0.19439
435.588 -0.19428
435.5885 -0.19476
435.589 -0.19449
435.5895 -0.19461
435.59 -0.19352
435.5905 -0.19416
435.591 -0.19447
435.5915 -0.19411
435.592 -0.19364
435.5925 -0.19485
435.593 -0.19457
435.5935 -0.19421
435.594 -0.19447
435.5945 -0.19375
435.595 -0.19382
435.5955 -0.19378
435.596 -0.19388
435.5965 -0.19382
435.597 -0.19434
435.5975 -0.19431
435.598 -0.19385
435.5985 -0.19391
435.599 -0.19389
435.5995 -0.1935
435.6 -0.19369
