A	B
433.5	-0.19265
433.5005	-0.19269
433.501	-0.19264
433.5015	-0.19266
433.502	-0.19281
433.5025	-0.1929
433.503	-0.19272
433.5035	-0.19269
433.504	-0.19266
433.5045	-0.19278
433.505	-0.19279
433.5055	-0.19272
433.506	-0.19261
433.5065	-0.19281
433.507	-0.19302
433.5075	-0.19266
433.508	-0.19264
433.5085	-0.19273
433.509	-0.19276
433.5095	-0.19289
433.51	-0.19267
433.5105	-0.19274
433.511	-0.19296
433.5115	-0.19274
433.512	-0.19289
433.5125	-0.1928
433.513	-0.19258
433.5135	-0.193
433.514	-0.1927
433.5145	-0.19253
433.515	-0.19285
433.5155	-0.19278
433.516	-0.19283
433.5165	-0.19272
433.517	-0.19262
433.5175	-0.19269
433.518	-0.1925
433.5185	-0.19283
433.519	-0.19269
433.5195	-0.19296
433.52	-0.19274
433.5205	-0.19253
433.521	-0.19283
433.5215	-0.19305
433.522	-0.19265
433.5225	-0.19258
433.523	-0.19265
433.5235	-0.19331
433.524	-0.1926
433.5245	-0.19283
433.525	-0.19267
433.5255	-0.19245
433.526	-0.19262
433.5265	-0.1929
433.527	-0.19284
433.5275	-0.19296
433.528	-0.19264
433.5285	-0.19314
433.529	-0.19281
433.5295	-0.19292
433.53	-0.19264
433.5305	-0.19295
433.531	-0.19288
433.5315	-0.19292
433.532	-0.19274
433.5325	-0.19292
433.533	-0.19272
433.5335	-0.19297
433.534	-0.19283
433.5345	-0.19277
433.535	-0.19257
433.5355	-0.19286
433.536	-0.19309
433.5365	-0.19336
433.537	-0.19278
433.5375	-0.19286
433.538	-0.19297
433.5385	-0.19345
433.539	-0.19283
433.5395	-0.19286
433.54	-0.19268
433.5405	-0.19296
433.541	-0.19278
433.5415	-0.19293
433.542	-0.19304
433.5425	-0.19307
433.543	-0.19274
433.5435	-0.19283
433.544	-0.19269
433.5445	-0.19307
433.545	-0.19296
433.5455	-0.19286
433.546	-0.19279
433.5465	-0.19273
433.547	-0.193
433.5475	-0.19299
433.548	-0.19314
433.5485	-0.19306
433.549	-0.19309
433.5495	-0.19287
433.55	-0.19308
433.5505	-0.19281
433.551	-0.19294
433.5515	-0.19276
433.552	-0.19294
433.5525	-0.19289
433.553	-0.19325
433.5535	-0.19311
433.554	-0.19287
433.5545	-0.19311
433.555	-0.19314
433.5555	-0.19308
433.556	-0.19309
433.5565	-0.19302
433.557	-0.19307
433.5575	-0.19312
433.558	-0.19311
433.5585	-0.19304
433.559	-0.19316
433.5595	-0.19299
433.56	-0.19319
433.5605	-0.19316
433.561	-0.19303
433.5615	-0.19311
433.562	-0.19311
433.5625	-0.19288
433.563	-0.19299
433.5635	-0.19306
433.564	-0.19317
433.5645	-0.19329
433.565	-0.19302
433.5655	-0.19366
433.566	-0.19305
433.5665	-0.19353
433.567	-0.19321
433.5675	-0.19303
433.568	-0.19313
433.5685	-0.19299
433.569	-0.1929
433.5695	-0.19325
433.57	-0.19346
433.5705	-0.19297
433.571	-0.19322
433.5715	-0.19322
433.572	-0.19316
433.5725	-0.19316
433.573	-0.19333
433.5735	-0.19351
433.574	-0.19353
433.5745	-0.19313
433.575	-0.19316
433.5755	-0.19335
433.576	-0.1936
433.5765	-0.19336
433.577	-0.19382
433.5775	-0.1935
433.578	-0.19344
433.5785	-0.19334
433.579	-0.19333
433.5795	-0.19319
433.58	-0.19364
433.5805	-0.19382
433.581	-0.1933
433.5815	-0.19414
433.582	-0.19405
433.5825	-0.19408
433.583	-0.19349
433.5835	-0.19419
433.584	-0.19399
433.5845	-0.19369
433.585	-0.19356
433.5855	-0.19358
433.586	-0.19363
433.5865	-0.19383
433.587	-0.19403
433.5875	-0.1942
433.588	-0.1942
433.5885	-0.19405
433.589	-0.1938
433.5895	-0.19438
433.59	-0.19415
433.5905	-0.19444
433.591	-0.19474
433.5915	-0.19443
433.592	-0.19424
433.5925	-0.19506
433.593	-0.19455
433.5935	-0.19472
433.594	-0.19444
433.5945	-0.19473
433.595	-0.19498
433.5955	-0.19419
433.596	-0.19514
433.5965	-0.19449
433.597	-0.19491
433.5975	-0.1948
433.598	-0.19566
433.5985	-0.1958
433.599	-0.19576
433.5995	-0.19605
433.6	-0.19598
433.6005	-0.19602
433.601	-0.19583
433.6015	-0.19683
433.602	-0.19683
433.6025	-0.1958
433.603	-0.19654
433.6035	-0.19713
433.604	-0.19805
433.6045	-0.19713
433.605	-0.19708
433.6055	-0.19717
433.606	-0.19796
433.6065	-0.19774
433.607	-0.19802
433.6075	-0.19862
433.608	-0.20025
433.6085	-0.20037
433.609	-0.20103
433.6095	-0.20223
433.61	-0.20139
433.6105	-0.20123
433.611	-0.20257
433.6115	-0.20337
433.612	-0.20434
433.6125	-0.20616
433.613	-0.20805
433.6135	-0.2078
433.614	-0.20918
433.6145	-0.21028
433.615	-0.21239
433.6155	-0.21147
433.616	-0.21245
433.6165	-0.21852
433.617	-0.21736
433.6175	-0.2188
433.618	-0.22334
433.6185	-0.22407
433.619	-0.22782
433.6195	-0.22599
433.62	-0.23282
433.6205	-0.2372
433.621	-0.238
433.6215	-0.24129
433.622	-0.24175
433.6225	-0.24421
433.623	-0.25191
433.6235	-0.25828
433.624	-0.25924
433.6245	-0.27124
433.625	-0.275
433.6255	-0.28237
433.626	-0.28585
433.6265	-0.29224
433.627	-0.30076
433.6275	-0.30133
433.628	-0.30793
433.6285	-0.32291
433.629	-0.32156
433.6295	-0.32936
433.63	-0.33911
433.6305	-0.34501
433.631	-0.35712
433.6315	-0.36322
433.632	-0.36179
433.6325	-0.38148
433.633	-0.37525
433.6335	-0.38526
433.634	-0.38783
433.6345	-0.38845
433.635	-0.40016
433.6355	-0.39594
433.636	-0.39585
433.6365	-0.39488
433.637	-0.39754
433.6375	-0.39706
433.638	-0.40213
433.6385	-0.40458
433.639	-0.40872
433.6395	-0.39915
433.64	-0.39311
433.6405	-0.38811
433.641	-0.38871
433.6415	-0.3865
433.642	-0.38238
433.6425	-0.37447
433.643	-0.36984
433.6435	-0.36359
433.644	-0.35858
433.6445	-0.34832
433.645	-0.34306
433.6455	-0.33504
433.646	-0.32993
433.6465	-0.32276
433.647	-0.32007
433.6475	-0.31883
433.648	-0.30541
433.6485	-0.29129
433.649	-0.29855
433.6495	-0.28654
433.65	-0.27701
433.6505	-0.27626
433.651	-0.27338
433.6515	-0.2661
433.652	-0.25915
433.6525	-0.25441
433.653	-0.25748
433.6535	-0.24945
433.654	-0.25002
433.6545	-0.24333
433.655	-0.23918
433.6555	-0.23888
433.656	-0.23554
433.6565	-0.2323
433.657	-0.23259
433.6575	-0.23015
433.658	-0.22746
433.6585	-0.22618
433.659	-0.22327
433.6595	-0.21978
433.66	-0.21949
433.6605	-0.21703
433.661	-0.21599
433.6615	-0.21307
433.662	-0.21309
433.6625	-0.21223
433.663	-0.21029
433.6635	-0.21005
433.664	-0.2068
433.6645	-0.20705
433.665	-0.2065
433.6655	-0.20451
433.666	-0.20524
433.6665	-0.20598
433.667	-0.20266
433.6675	-0.20389
433.668	-0.20318
433.6685	-0.20168
433.669	-0.20111
433.6695	-0.20069
433.67	-0.20053
433.6705	-0.20017
433.671	-0.19924
433.6715	-0.19994
433.672	-0.19901
433.6725	-0.19865
433.673	-0.19838
433.6735	-0.198
433.674	-0.19873
433.6745	-0.19774
433.675	-0.1967
433.6755	-0.19725
433.676	-0.19705
433.6765	-0.19701
433.677	-0.19731
433.6775	-0.19635
433.678	-0.19613
433.6785	-0.19701
433.679	-0.19662
433.6795	-0.19672
433.68	-0.19579
433.6805	-0.19615
433.681	-0.19618
433.6815	-0.19596
433.682	-0.19698
433.6825	-0.19658
433.683	-0.19711
433.6835	-0.19641
433.684	-0.19604
433.6845	-0.19691
433.685	-0.19619
433.6855	-0.19574
433.686	-0.19579
433.6865	-0.19591
433.687	-0.19639
433.6875	-0.19584
433.688	-0.19556
433.6885	-0.19572
433.689	-0.19542
433.6895	-0.19628
433.69	-0.19607
433.6905	-0.19623
433.691	-0.19668
433.6915	-0.19656
433.692	-0.19643
433.6925	-0.19574
433.693	-0.19675
433.6935	-0.19616
433.694	-0.19744
433.6945	-0.19653
433.695	-0.19637
433.6955	-0.1964
433.696	-0.19702
433.6965	-0.19689
433.697	-0.19632
433.6975	-0.19703
433.698	-0.19735
433.6985	-0.19745
433.699	-0.19849
433.6995	-0.19834
433.7	-0.19822
433.7005	-0.19849
433.701	-0.19782
433.7015	-0.19802
433.702	-0.19752
433.7025	-0.19814
433.703	-0.19783
433.7035	-0.19913
433.704	-0.19743
433.7045	-0.19822
433.705	-0.19987
433.7055	-0.19865
433.706	-0.19928
433.7065	-0.19887
433.707	-0.20013
433.7075	-0.19933
433.708	-0.20047
433.7085	-0.20027
433.709	-0.20062
433.7095	-0.20242
433.71	-0.20033
433.7105	-0.2016
433.711	-0.20128
433.7115	-0.20304
433.712	-0.20335
433.7125	-0.20303
433.713	-0.20297
433.7135	-0.20283
433.714	-0.20443
433.7145	-0.20567
433.715	-0.2039
433.7155	-0.20493
433.716	-0.20381
433.7165	-0.20578
433.717	-0.20707
433.7175	-0.20708
433.718	-0.20717
433.7185	-0.21006
433.719	-0.20846
433.7195	-0.21011
433.72	-0.21058
433.7205	-0.21224
433.721	-0.21329
433.7215	-0.2147
433.722	-0.21376
433.7225	-0.21698
433.723	-0.21807
433.7235	-0.21915
433.724	-0.22112
433.7245	-0.221
433.725	-0.22271
433.7255	-0.2299
433.726	-0.22975
433.7265	-0.23142
433.727	-0.23309
433.7275	-0.2345
433.728	-0.24043
433.7285	-0.24424
433.729	-0.24568
433.7295	-0.25055
433.73	-0.25328
433.7305	-0.26073
433.731	-0.26674
433.7315	-0.26903
433.732	-0.27244
433.7325	-0.28283
433.733	-0.28067
433.7335	-0.29584
433.734	-0.3023
433.7345	-0.31216
433.735	-0.32321
433.7355	-0.32584
433.736	-0.33901
433.7365	-0.36197
433.737	-0.36168
433.7375	-0.38209
433.738	-0.38867
433.7385	-0.40847
433.739	-0.41734
433.7395	-0.43085
433.74	-0.46028
433.7405	-0.50003
433.741	-0.49504
433.7415	-0.52026
433.742	-0.55832
433.7425	-0.57787
433.743	-0.5952
433.7435	-0.60755
433.744	-0.65137
433.7445	-0.68683
433.745	-0.71247
433.7455	-0.74429
433.746	-0.7641
433.7465	-0.80883
433.747	-0.84977
433.7475	-0.86167
433.748	-0.90332
433.7485	-0.92309
433.749	-0.96123
433.7495	-0.99044
433.75	-0.99318
433.7505	-1.03552
433.751	-1.05457
433.7515	-1.08049
433.752	-1.11206
433.7525	-1.13179
433.753	-1.14075
433.7535	-1.12812
433.754	-1.17703
433.7545	-1.17264
433.755	-1.18985
433.7555	-1.18347
433.756	-1.19115
433.7565	-1.20563
433.757	-1.16844
433.7575	-1.1395
433.758	-1.15371
433.7585	-1.16544
433.759	-1.13722
433.7595	-1.13074
433.76	-1.1327
433.7605	-1.07849
433.761	-1.05826
433.7615	-1.01097
433.762	-0.98806
433.7625	-0.97675
433.763	-0.93925
433.7635	-0.92128
433.764	-0.88786
433.7645	-0.85092
433.765	-0.83411
433.7655	-0.78622
433.766	-0.78349
433.7665	-0.75367
433.767	-0.72198
433.7675	-0.70237
433.768	-0.67576
433.7685	-0.63635
433.769	-0.61339
433.7695	-0.58715
433.77	-0.57413
433.7705	-0.54844
433.771	-0.52181
433.7715	-0.49921
433.772	-0.47902
433.7725	-0.45776
433.773	-0.45719
433.7735	-0.42932
433.774	-0.41783
433.7745	-0.40916
433.775	-0.39368
433.7755	-0.37247
433.776	-0.37198
433.7765	-0.35024
433.777	-0.35273
433.7775	-0.33478
433.778	-0.32151
433.7785	-0.31635
433.779	-0.3043
433.7795	-0.30753
433.78	-0.29405
433.7805	-0.2909
433.781	-0.28436
433.7815	-0.27174
433.782	-0.26883
433.7825	-0.26658
433.783	-0.26135
433.7835	-0.25647
433.784	-0.2553
433.7845	-0.24759
433.785	-0.24695
433.7855	-0.23936
433.786	-0.23807
433.7865	-0.23459
433.787	-0.23118
433.7875	-0.2281
433.788	-0.22448
433.7885	-0.2245
433.789	-0.22283
433.7895	-0.21972
433.79	-0.21601
433.7905	-0.21565
433.791	-0.21512
433.7915	-0.21393
433.792	-0.21284
433.7925	-0.21041
433.793	-0.20988
433.7935	-0.20839
433.794	-0.20938
433.7945	-0.20594
433.795	-0.20533
433.7955	-0.20492
433.796	-0.20546
433.7965	-0.2043
433.797	-0.20358
433.7975	-0.204
433.798	-0.20228
433.7985	-0.20276
433.799	-0.20214
433.7995	-0.20128
433.8	-0.20052
433.8005	-0.20032
433.801	-0.2004
433.8015	-0.20038
433.802	-0.19926
433.8025	-0.19895
433.803	-0.19885
433.8035	-0.1995
433.804	-0.19913
433.8045	-0.19938
433.805	-0.19917
433.8055	-0.19849
433.806	-0.19901
433.8065	-0.19799
433.807	-0.19799
433.8075	-0.19795
433.808	-0.19916
433.8085	-0.19804
433.809	-0.19755
433.8095	-0.19716
433.81	-0.19705
433.8105	-0.19715
433.811	-0.19698
433.8115	-0.19652
433.812	-0.19669
433.8125	-0.19646
433.813	-0.19638
433.8135	-0.19582
433.814	-0.19728
433.8145	-0.19619
433.815	-0.19592
433.8155	-0.19543
433.816	-0.19581
433.8165	-0.19589
433.817	-0.1966
433.8175	-0.19611
433.818	-0.19486
433.8185	-0.19539
433.819	-0.19565
433.8195	-0.19565
433.82	-0.19583
433.8205	-0.19527
433.821	-0.19552
433.8215	-0.19541
433.822	-0.19499
433.8225	-0.19483
433.823	-0.19585
433.8235	-0.1956
433.824	-0.19523
433.8245	-0.19492
433.825	-0.19524
433.8255	-0.19484
433.826	-0.19474
433.8265	-0.19451
433.827	-0.19479
433.8275	-0.19489
433.828	-0.19451
433.8285	-0.19452
433.829	-0.19474
433.8295	-0.19423
433.83	-0.19476
433.8305	-0.19414
433.831	-0.19422
433.8315	-0.19436
433.832	-0.19459
433.8325	-0.19453
433.833	-0.19416
433.8335	-0.19408
433.834	-0.19446
433.8345	-0.19413
433.835	-0.19422
433.8355	-0.19382
433.836	-0.19473
433.8365	-0.1942
433.837	-0.19408
433.8375	-0.19411
433.838	-0.19389
433.8385	-0.1939
433.839	-0.19388
433.8395	-0.19371
433.84	-0.19397
433.8405	-0.19446
433.841	-0.19385
433.8415	-0.19395
433.842	-0.19373
433.8425	-0.1946
433.843	-0.19377
433.8435	-0.19407
433.844	-0.19398
433.8445	-0.19378
433.845	-0.19395
433.8455	-0.19348
433.846	-0.19373
433.8465	-0.19364
433.847	-0.19372
433.8475	-0.19361
433.848	-0.19335
433.8485	-0.19333
433.849	-0.19371
433.8495	-0.19369
433.85	-0.19366
433.8505	-0.19349
433.851	-0.19346
433.8515	-0.19329
433.852	-0.19388
433.8525	-0.19362
433.853	-0.19343
433.8535	-0.19328
433.854	-0.19382
433.8545	-0.1935
433.855	-0.1935
433.8555	-0.19374
433.856	-0.1933
433.8565	-0.19353
433.857	-0.19363
433.8575	-0.19339
433.858	-0.19378
433.8585	-0.19341
433.859	-0.19342
433.8595	-0.19321
433.86	-0.19295
433.8605	-0.19328
433.861	-0.19312
433.8615	-0.19341
433.862	-0.19328
433.8625	-0.19391
433.863	-0.19351
433.8635	-0.19297
433.864	-0.19327
433.8645	-0.19323
433.865	-0.19361
433.8655	-0.19339
433.866	-0.19314
433.8665	-0.19327
433.867	-0.19327
433.8675	-0.19288
433.868	-0.19289
433.8685	-0.1934
433.869	-0.19305
433.8695	-0.19304
433.87	-0.19336
433.8705	-0.19356
433.871	-0.19338
433.8715	-0.19322
433.872	-0.1931
433.8725	-0.19355
433.873	-0.19366
433.8735	-0.19368
433.874	-0.19313
433.8745	-0.19306
433.875	-0.19302
433.8755	-0.19324
433.876	-0.19294
433.8765	-0.19333
433.877	-0.19302
433.8775	-0.19379
433.878	-0.19317
433.8785	-0.19299
433.879	-0.19326
433.8795	-0.19308
433.88	-0.19291
433.8805	-0.19329
433.881	-0.19314
433.8815	-0.19299
433.882	-0.19308
433.8825	-0.19313
433.883	-0.19324
433.8835	-0.19308
433.884	-0.19278
433.8845	-0.19308
433.885	-0.19338
433.8855	-0.1933
433.886	-0.19264
433.8865	-0.193
433.887	-0.19313
433.8875	-0.1928
433.888	-0.19307
433.8885	-0.19278
433.889	-0.19327
433.8895	-0.19278
433.89	-0.1931
433.8905	-0.19298
433.891	-0.19271
433.8915	-0.19317
433.892	-0.19292
433.8925	-0.19303
433.893	-0.19308
433.8935	-0.19299
433.894	-0.19321
433.8945	-0.19294
433.895	-0.19281
433.8955	-0.19319
433.896	-0.19312
433.8965	-0.1928
433.897	-0.19285
433.8975	-0.1934
433.898	-0.19318
433.8985	-0.19305
433.899	-0.19276
433.8995	-0.19264
433.9	-0.1928
