	0.000	-3.395	-0.146	3.237	2.434	1.088
	1.000	-3.392	-0.146	3.233	2.434	1.088
	2.000	-3.393	-0.146	3.233	2.434	1.087
	3.000	-3.365	-0.148	3.204	2.434	1.086
	4.000	-3.377	-0.146	3.217	2.434	1.086
	5.000	-3.379	-0.147	3.219	2.434	1.085
	6.000	-3.389	-0.145	3.231	2.434	1.085
	7.000	-3.381	-0.144	3.223	2.434	1.084
	8.000	-3.385	-0.146	3.226	2.434	1.084
	9.016	-3.382	-0.145	3.224	2.434	1.083
	10.016	-3.382	-0.145	3.223	2.434	1.082
	11.016	-3.381	-0.144	3.223	2.434	1.081
	12.016	-3.382	-0.144	3.223	2.434	1.080
	13.016	-3.379	-0.146	3.221	2.434	1.080
	14.016	-3.363	-0.146	3.204	2.434	1.079
	15.016	-3.344	-0.146	3.184	2.434	1.077
	16.016	-3.370	-0.146	3.212	2.434	1.077
	17.016	-3.370	-0.145	3.212	2.434	1.076
	18.016	-3.367	-0.144	3.209	2.434	1.075
	19.016	-3.359	-0.144	3.201	2.434	1.074
	20.016	-3.343	-0.144	3.186	2.434	1.073
	21.016	-3.337	-0.144	3.180	2.434	1.072
	22.016	-3.331	-0.144	3.173	2.434	1.071
	23.016	-3.280	-0.145	3.121	2.434	1.069
	24.016	-3.294	-0.144	3.136	2.434	1.068
	25.016	-3.326	-0.144	3.170	2.434	1.067
	26.016	-3.331	-0.143	3.174	2.434	1.066
	27.016	-3.331	-0.144	3.174	2.434	1.065
	28.016	-3.324	-0.143	3.167	2.434	1.063
	29.016	-3.323	-0.143	3.166	2.434	1.062
	30.016	-3.326	-0.144	3.168	2.434	1.061
	31.016	-3.321	-0.143	3.164	2.434	1.059
	32.016	-3.288	-0.143	3.131	2.434	1.058
	33.016	-3.290	-0.143	3.132	2.435	1.056
	34.016	-3.260	-0.144	3.103	2.434	1.054
	35.016	-3.223	-0.144	3.064	2.434	1.052
	36.016	-3.230	-0.145	3.071	2.435	1.051
	37.016	-3.276	-0.143	3.119	2.435	1.050
	38.016	-3.294	-0.143	3.137	2.434	1.049
	39.016	-3.282	-0.142	3.126	2.434	1.047
	40.016	-3.274	-0.144	3.116	2.434	1.045
	41.016	-3.260	-0.142	3.102	2.434	1.044
	42.016	-3.268	-0.142	3.111	2.434	1.042
	43.016	-3.266	-0.143	3.110	2.434	1.040
	44.016	-3.198	-0.171	3.012	2.434	1.031
	45.016	-3.242	-0.174	3.053	2.434	1.029
	46.016	-3.219	-0.194	3.011	2.435	1.023
	47.016	-3.180	-0.218	2.947	2.434	1.015
	48.016	-3.196	-0.229	2.952	2.434	1.011
	49.016	-3.156	-0.254	2.887	2.434	1.003
	50.016	-3.162	-0.266	2.880	2.435	0.999
	51.016	-3.143	-0.284	2.844	2.434	0.993
	52.016	-3.124	-0.303	2.806	2.434	0.987
	53.016	-3.104	-0.322	2.766	2.434	0.980
	54.016	-3.087	-0.342	2.730	2.434	0.974
	55.016	-3.011	-0.374	2.621	2.434	0.963
	56.016	-3.029	-0.381	2.632	2.434	0.960
	57.016	-3.028	-0.392	2.620	2.434	0.956
	58.016	-3.000	-0.415	2.568	2.434	0.949
	59.016	-2.917	-0.454	2.446	2.435	0.936
	60.016	-2.967	-0.455	2.495	2.435	0.936
	61.016	-2.907	-0.483	2.408	2.434	0.927
	62.016	-2.881	-0.503	2.360	2.434	0.920
	63.016	-2.858	-0.523	2.319	2.434	0.913
	64.016	-2.830	-0.540	2.272	2.434	0.907
	65.016	-2.848	-0.545	2.285	2.435	0.905
	66.016	-2.874	-0.559	2.297	2.434	0.902
	67.016	-2.871	-0.570	2.283	2.434	0.898
	68.016	-2.832	-0.593	2.220	2.434	0.890
	69.016	-2.843	-0.604	2.222	2.434	0.887
	70.016	-2.826	-0.619	2.189	2.435	0.882
	71.016	-2.810	-0.636	2.156	2.435	0.876
	72.016	-2.783	-0.654	2.110	2.435	0.870
	73.016	-2.756	-0.668	2.070	2.435	0.864
	74.016	-2.757	-0.677	2.061	2.435	0.860
	75.016	-2.742	-0.705	2.019	2.435	0.854
	76.016	-2.701	-0.729	1.954	2.435	0.846
	77.016	-2.711	-0.737	1.955	2.435	0.843
	78.016	-2.690	-0.754	1.917	2.435	0.838
	79.016	-2.689	-0.764	1.906	2.435	0.834
	80.016	-2.655	-0.787	1.849	2.435	0.827
	81.016	-2.615	-0.808	1.788	2.435	0.820
	82.016	-2.651	-0.809	1.822	2.435	0.820
	83.016	-2.623	-0.825	1.779	2.435	0.814
	84.016	-2.619	-0.834	1.766	2.435	0.810
	85.016	-2.606	-0.848	1.739	2.435	0.805
	86.016	-2.600	-0.864	1.717	2.435	0.801
	87.016	-2.561	-0.886	1.655	2.435	0.794
	88.016	-2.513	-0.909	1.585	2.435	0.786
	89.016	-2.501	-0.923	1.559	2.435	0.781
	90.016	-2.487	-0.937	1.529	2.435	0.776
	91.016	-2.463	-0.954	1.489	2.435	0.771
	92.016	-2.460	-0.964	1.475	2.435	0.767
	93.016	-2.438	-0.980	1.437	2.435	0.762
	94.016	-2.460	-0.984	1.455	2.435	0.761
	95.016	-2.441	-1.000	1.421	2.435	0.756
	96.016	-2.421	-1.015	1.386	2.435	0.750
	97.016	-2.407	-1.028	1.358	2.435	0.746
	98.016	-2.373	-1.041	1.312	2.435	0.740
	99.016	-2.362	-1.048	1.292	2.435	0.736
	100.016	-2.353	-1.067	1.266	2.435	0.732
	101.016	-2.369	-1.074	1.273	2.435	0.730
	102.016	-2.369	-1.081	1.267	2.435	0.727
	103.016	-2.362	-1.090	1.251	2.435	0.723
	104.016	-2.341	-1.103	1.217	2.435	0.718
	105.016	-2.338	-1.110	1.207	2.435	0.715
	106.016	-2.345	-1.115	1.209	2.435	0.713
	107.016	-2.339	-1.125	1.193	2.435	0.710
	108.016	-2.322	-1.144	1.156	2.435	0.705
	109.016	-2.310	-1.157	1.132	2.435	0.701
	110.016	-2.271	-1.177	1.072	2.435	0.695
	111.016	-2.242	-1.190	1.029	2.435	0.689
	112.016	-2.236	-1.193	1.021	2.435	0.685
	113.016	-2.224	-1.200	1.001	2.435	0.682
	114.016	-2.211	-1.210	0.979	2.435	0.678
	115.016	-2.202	-1.219	0.960	2.435	0.674
	116.016	-2.199	-1.227	0.950	2.435	0.671
	117.016	-2.188	-1.234	0.932	2.435	0.668
	118.016	-2.171	-1.244	0.904	2.435	0.664
	119.016	-2.165	-1.252	0.890	2.435	0.661
	120.016	-2.155	-1.263	0.869	2.435	0.657
	121.016	-2.150	-1.272	0.855	2.435	0.654
	122.016	-2.138	-1.282	0.832	2.435	0.650
	123.016	-2.126	-1.299	0.804	2.435	0.647
	124.016	-2.115	-1.309	0.783	2.435	0.643
	125.016	-2.111	-1.314	0.773	2.435	0.640
	126.016	-2.100	-1.322	0.755	2.435	0.637
	127.016	-2.091	-1.328	0.740	2.435	0.634
	128.016	-2.088	-1.339	0.726	2.435	0.631
	129.016	-2.068	-1.346	0.699	2.435	0.627
	130.016	-2.061	-1.350	0.688	2.435	0.624
	131.016	-2.061	-1.360	0.677	2.435	0.622
	132.016	-2.047	-1.376	0.646	2.435	0.618
	133.016	-2.036	-1.376	0.637	2.435	0.615
	134.016	-2.031	-1.377	0.631	2.435	0.613
	135.016	-2.018	-1.389	0.605	2.435	0.609
	136.016	-2.015	-1.413	0.578	2.435	0.606
	137.016	-2.022	-1.424	0.574	2.435	0.605
	138.016	-2.040	-1.420	0.595	2.435	0.605
	139.016	-2.015	-1.434	0.556	2.435	0.601
	140.016	-2.021	-1.423	0.574	2.435	0.600
	141.016	-1.973	-1.442	0.508	2.435	0.592
	142.016	-1.971	-1.443	0.504	2.435	0.590
	143.016	-1.996	-1.436	0.535	2.435	0.592
	144.016	-1.967	-1.443	0.499	2.435	0.587
	145.016	-1.950	-1.458	0.467	2.435	0.582
	146.016	-1.935	-1.468	0.442	2.435	0.579
	147.016	-1.928	-1.475	0.429	2.435	0.576
	148.016	-1.934	-1.479	0.430	2.435	0.575
	149.016	-1.930	-1.494	0.411	2.435	0.573
	150.016	-1.941	-1.508	0.408	2.435	0.573
	151.016	-1.934	-1.512	0.396	2.435	0.570
	152.016	-1.910	-1.523	0.362	2.435	0.566
	153.016	-1.906	-1.523	0.357	2.435	0.564
	154.016	-1.907	-1.530	0.351	2.435	0.562
	155.016	-1.928	-1.515	0.387	2.435	0.564
	156.016	-1.909	-1.516	0.368	2.435	0.560
	157.016	-1.881	-1.526	0.329	2.435	0.555
	158.016	-1.879	-1.529	0.325	2.435	0.554
	159.016	-1.894	-1.529	0.340	2.435	0.554
	160.016	-1.885	-1.536	0.324	2.435	0.552
	161.016	-1.861	-1.549	0.287	2.435	0.547
	162.016	-1.858	-1.557	0.276	2.435	0.545
	163.016	-1.862	-1.556	0.281	2.435	0.545
	164.016	-1.872	-1.555	0.292	2.435	0.545
	165.016	-1.850	-1.565	0.259	2.435	0.541
	166.016	-1.844	-1.570	0.248	2.435	0.539
	167.016	-1.818	-1.581	0.212	2.435	0.534
	168.016	-1.848	-1.577	0.246	2.435	0.537
	169.016	-1.828	-1.586	0.217	2.435	0.533
	170.016	-1.838	-1.588	0.225	2.435	0.533
	171.016	-1.819	-1.596	0.197	2.435	0.529
	172.016	-1.823	-1.599	0.199	2.435	0.528
	173.016	-1.795	-1.610	0.159	2.435	0.524
	174.016	-1.792	-1.615	0.150	2.435	0.522
	175.016	-1.790	-1.620	0.143	2.435	0.520
	176.016	-1.792	-1.626	0.140	2.435	0.519
	177.016	-1.785	-1.643	0.115	2.435	0.516
	178.016	-1.767	-1.644	0.097	2.435	0.513
	179.016	-1.741	-1.677	0.037	2.435	0.508
	180.016	-1.777	-1.654	0.097	2.435	0.512
	181.078	-1.781	-1.653	0.102	2.435	0.511
	182.078	-1.764	-1.658	0.080	2.435	0.508
	183.078	-1.729	-1.675	0.027	2.435	0.502
	184.078	-1.756	-1.664	0.066	2.435	0.505
	185.078	-1.759	-1.669	0.064	2.435	0.504
	186.078	-1.750	-1.672	0.051	2.435	0.502
	187.078	-1.743	-1.677	0.040	2.435	0.500
	188.078	-1.741	-1.693	0.021	2.435	0.497
	189.078	-1.712	-1.696	-0.010	2.435	0.493
	190.078	-1.722	-1.698	-0.003	2.435	0.493
	191.078	-1.722	-1.701	-0.005	2.435	0.492
	192.078	-1.708	-1.711	-0.029	2.435	0.489
	193.078	-1.695	-1.722	-0.054	2.435	0.486
	194.078	-1.710	-1.726	-0.042	2.435	0.486
	195.078	-1.706	-1.729	-0.050	2.435	0.485
	196.078	-1.687	-1.732	-0.071	2.435	0.481
	197.078	-1.685	-1.736	-0.078	2.435	0.480
	198.078	-1.685	-1.742	-0.084	2.435	0.478
	199.078	-1.681	-1.751	-0.097	2.435	0.476
	200.078	-1.671	-1.753	-0.110	2.435	0.474
	201.078	-1.636	-1.772	-0.164	2.435	0.468
	202.078	-1.618	-1.781	-0.190	2.435	0.464
	203.078	-1.641	-1.776	-0.162	2.435	0.466
	204.078	-1.646	-1.781	-0.163	2.435	0.466
	205.078	-1.624	-1.793	-0.197	2.435	0.461
	206.078	-1.620	-1.797	-0.205	2.435	0.459
	207.078	-1.628	-1.798	-0.197	2.435	0.459
	208.078	-1.622	-1.804	-0.209	2.435	0.457
	209.078	-1.614	-1.814	-0.227	2.435	0.454
	210.078	-1.604	-1.820	-0.244	2.435	0.451
	211.078	-1.608	-1.825	-0.245	2.435	0.450
	212.078	-1.599	-1.829	-0.258	2.435	0.448
	213.078	-1.593	-1.838	-0.271	2.435	0.446
	214.078	-1.589	-1.845	-0.284	2.435	0.443
	215.078	-1.575	-1.852	-0.304	2.435	0.441
	216.078	-1.568	-1.858	-0.318	2.435	0.438
	217.078	-1.562	-1.866	-0.331	2.435	0.436
	218.078	-1.561	-1.873	-0.340	2.435	0.434
	219.078	-1.553	-1.887	-0.363	2.435	0.431
	220.078	-1.542	-1.896	-0.382	2.435	0.428
	221.078	-1.540	-1.899	-0.387	2.435	0.426
	222.078	-1.507	-1.915	-0.436	2.435	0.421
	223.078	-1.520	-1.911	-0.418	2.435	0.421
	224.078	-1.514	-1.928	-0.443	2.435	0.419
	225.078	-1.505	-1.932	-0.455	2.435	0.416
	226.078	-1.496	-1.949	-0.482	2.435	0.413
	227.078	-1.490	-1.947	-0.486	2.435	0.411
	228.078	-1.488	-1.947	-0.488	2.435	0.408
	229.078	-1.480	-1.954	-0.502	2.435	0.406
	230.078	-1.467	-1.965	-0.526	2.435	0.402
	231.078	-1.459	-1.974	-0.544	2.435	0.400
	232.078	-1.451	-1.980	-0.558	2.435	0.397
	233.078	-1.447	-1.987	-0.569	2.435	0.394
	234.078	-1.440	-1.995	-0.585	2.435	0.392
	235.078	-1.430	-2.014	-0.613	2.435	0.389
	236.078	-1.421	-2.027	-0.636	2.435	0.386
	237.078	-1.413	-2.030	-0.646	2.435	0.383
	238.078	-1.406	-2.030	-0.652	2.435	0.380
	239.078	-1.391	-2.044	-0.682	2.435	0.376
	240.078	-1.382	-2.060	-0.707	2.435	0.373
	241.078	-1.380	-2.069	-0.718	2.435	0.371
	242.078	-1.372	-2.069	-0.726	2.435	0.368
	243.078	-1.362	-2.092	-0.759	2.435	0.365
	244.078	-1.354	-2.111	-0.786	2.435	0.362
	245.078	-1.345	-2.119	-0.803	2.435	0.358
	246.078	-1.335	-2.123	-0.818	2.435	0.355
	247.078	-1.327	-2.139	-0.841	2.435	0.352
	248.078	-1.317	-2.151	-0.863	2.435	0.348
	249.078	-1.306	-2.154	-0.878	2.435	0.345
	250.078	-1.297	-2.154	-0.887	2.435	0.342
	251.078	-1.287	-2.162	-0.905	2.435	0.338
	252.078	-1.274	-2.173	-0.929	2.435	0.334
	253.078	-1.268	-2.186	-0.949	2.435	0.331
	254.078	-1.258	-2.202	-0.974	2.435	0.328
	255.078	-1.236	-2.234	-1.028	2.435	0.322
	256.078	-1.231	-2.243	-1.043	2.435	0.319
	257.078	-1.227	-2.242	-1.046	2.435	0.316
	258.078	-1.215	-2.251	-1.066	2.435	0.313
	259.078	-1.206	-2.236	-1.061	2.435	0.309
	260.078	-1.185	-2.284	-1.130	2.435	0.303
	261.078	-1.184	-2.293	-1.141	2.435	0.301
	262.078	-1.173	-2.307	-1.166	2.435	0.297
	263.078	-1.165	-2.316	-1.182	2.435	0.294
	264.078	-1.149	-2.328	-1.210	2.435	0.289
	265.078	-1.143	-2.342	-1.230	2.435	0.286
	266.078	-1.125	-2.353	-1.259	2.435	0.281
	267.078	-1.124	-2.365	-1.274	2.435	0.279
	268.078	-1.110	-2.375	-1.297	2.435	0.275
	269.078	-1.100	-2.390	-1.321	2.435	0.271
	270.078	-1.088	-2.406	-1.349	2.435	0.267
	271.078	-1.078	-2.412	-1.366	2.435	0.263
	272.078	-1.062	-2.414	-1.385	2.435	0.258
	273.078	-1.043	-2.420	-1.410	2.435	0.252
	274.078	-1.040	-2.437	-1.429	2.435	0.250
	275.078	-1.026	-2.451	-1.458	2.435	0.245
	276.078	-1.014	-2.458	-1.475	2.435	0.241
	277.078	-0.992	-2.477	-1.517	2.435	0.234
	278.078	-0.951	-2.519	-1.602	2.435	0.222
	279.078	-0.939	-2.531	-1.626	2.435	0.218
	280.078	-0.952	-2.534	-1.615	2.435	0.220
	281.078	-0.947	-2.544	-1.630	2.435	0.217
	282.078	-0.939	-2.557	-1.651	2.435	0.214
	283.078	-0.924	-2.563	-1.672	2.435	0.209
	284.078	-0.888	-2.582	-1.727	2.435	0.199
	285.078	-0.865	-2.602	-1.770	2.435	0.191
	286.078	-0.860	-2.608	-1.782	2.435	0.189
	287.078	-0.862	-2.617	-1.789	2.435	0.188
	288.078	-0.855	-2.628	-1.806	2.435	0.185
	289.078	-0.828	-2.654	-1.860	2.435	0.176
	290.078	-0.811	-2.672	-1.894	2.435	0.170
	291.078	-0.795	-2.687	-1.927	2.435	0.165
	292.078	-0.768	-2.711	-1.977	2.435	0.156
	293.078	-0.755	-2.705	-1.984	2.435	0.152
	294.078	-0.740	-2.713	-2.007	2.435	0.146
	295.078	-0.727	-2.755	-2.062	2.435	0.141
	296.078	-0.710	-2.773	-2.098	2.435	0.135
	297.078	-0.695	-2.786	-2.126	2.435	0.130
	298.078	-0.692	-2.793	-2.135	2.435	0.128
	299.078	-0.690	-2.799	-2.144	2.435	0.127
	300.078	-0.667	-2.814	-2.182	2.435	0.119
	301.078	-0.637	-2.811	-2.209	2.435	0.109
	302.078	-0.624	-2.854	-2.265	2.435	0.104
	303.078	-0.613	-2.868	-2.291	2.435	0.100
	304.078	-0.592	-2.889	-2.332	2.435	0.093
	305.078	-0.584	-2.899	-2.351	2.435	0.089
	306.078	-0.573	-2.893	-2.356	2.435	0.085
	307.078	-0.551	-2.924	-2.409	2.435	0.077
	308.078	-0.536	-2.947	-2.447	2.435	0.072
	309.078	-0.526	-2.957	-2.467	2.435	0.068
	310.078	-0.517	-2.966	-2.486	2.435	0.065
	311.078	-0.497	-2.986	-2.525	2.435	0.058
	312.078	-0.477	-3.001	-2.560	2.435	0.051
	313.078	-0.460	-2.992	-2.569	2.435	0.045
	314.078	-0.449	-3.015	-2.603	2.435	0.041
	315.078	-0.431	-3.053	-2.658	2.435	0.034
	316.078	-0.425	-3.062	-2.673	2.435	0.032
	317.078	-0.418	-3.071	-2.690	2.435	0.029
	318.078	-0.394	-3.093	-2.736	2.435	0.021
	319.078	-0.372	-3.108	-2.774	2.435	0.013
	320.078	-0.365	-3.118	-2.791	2.435	0.010
	321.078	-0.365	-3.121	-2.794	2.435	0.010
	322.078	-0.365	-3.120	-2.792	2.435	0.010
	323.078	-0.364	-3.135	-2.808	2.435	0.010
	324.078	-0.365	-3.136	-2.809	2.435	0.010
	325.078	-0.365	-3.135	-2.808	2.435	0.010
	326.078	-0.365	-3.137	-2.809	2.435	0.010
	327.078	-0.365	-3.150	-2.823	2.435	0.010
	328.078	-0.365	-3.155	-2.828	2.435	0.010
	329.078	-0.365	-3.159	-2.831	2.435	0.010
	330.078	-0.365	-3.162	-2.834	2.435	0.010
	331.078	-0.365	-3.163	-2.836	2.435	0.010
	332.078	-0.365	-3.152	-2.825	2.435	0.010
	333.078	-0.365	-3.154	-2.827	2.435	0.010
	334.078	-0.365	-3.157	-2.830	2.435	0.010
	335.078	-0.364	-3.160	-2.833	2.435	0.010
	336.078	-0.364	-3.173	-2.847	2.435	0.010
	337.078	-0.363	-3.106	-2.780	2.435	0.010
	338.078	-0.362	-3.120	-2.795	2.435	0.010
	339.078	-0.359	-3.166	-2.844	2.435	0.010
	340.078	-0.363	-3.167	-2.841	2.435	0.010
	341.078	-0.363	-3.146	-2.820	2.435	0.010
	342.078	-0.364	-3.198	-2.871	2.435	0.010
	343.078	-0.364	-3.141	-2.815	2.435	0.010
	344.078	-0.364	-3.205	-2.879	2.435	0.010
	345.078	-0.365	-3.205	-2.878	2.435	0.010
	346.078	-0.364	-3.211	-2.885	2.435	0.010
	347.078	-0.364	-3.179	-2.852	2.435	0.010
	348.078	-0.365	-3.212	-2.885	2.435	0.010
	349.078	-0.364	-3.214	-2.887	2.435	0.010
	350.078	-0.365	-3.221	-2.894	2.435	0.010
	351.078	-0.364	-3.224	-2.897	2.435	0.010
	352.078	-0.364	-3.225	-2.898	2.435	0.010
	353.078	-0.364	-3.191	-2.864	2.435	0.010
	354.078	-0.364	-3.191	-2.864	2.435	0.010
	355.078	-0.364	-3.205	-2.879	2.435	0.010
	356.078	-0.365	-3.168	-2.840	2.435	0.010
	357.078	-0.364	-3.194	-2.867	2.435	0.010
	358.078	-0.365	-3.227	-2.901	2.435	0.010
	359.078	-0.365	-3.229	-2.903	2.435	0.010
	360.078	-0.364	-3.199	-2.872	2.435	0.010
	361.078	-0.364	-3.231	-2.904	2.435	0.010
	362.078	-0.364	-3.244	-2.918	2.435	0.010
	363.078	-0.364	-3.242	-2.916	2.435	0.010
	364.078	-0.364	-3.244	-2.917	2.435	0.010
	365.078	-0.364	-3.216	-2.889	2.435	0.010
	366.078	-0.364	-3.206	-2.880	2.435	0.010
	367.078	-0.364	-3.202	-2.875	2.435	0.010
	368.078	-0.364	-3.194	-2.868	2.435	0.010
	369.078	-0.363	-3.198	-2.871	2.435	0.010
	370.078	-0.364	-3.202	-2.876	2.435	0.010
	371.078	-0.364	-3.234	-2.907	2.435	0.010
	372.078	-0.363	-3.240	-2.914	2.435	0.010
	373.078	-0.364	-3.230	-2.903	2.435	0.010
	374.078	-0.364	-3.247	-2.921	2.435	0.010
	375.078	-0.364	-3.260	-2.934	2.435	0.010
	376.078	-0.364	-3.248	-2.922	2.435	0.010
	377.078	-0.364	-3.231	-2.905	2.435	0.010
	378.078	-0.364	-3.239	-2.913	2.435	0.010
	379.078	-0.363	-3.257	-2.930	2.435	0.010
	380.078	-0.364	-3.242	-2.916	2.435	0.010
	381.078	-0.363	-3.213	-2.886	2.435	0.010
	382.078	-0.363	-3.197	-2.871	2.435	0.010
	383.078	-0.364	-3.229	-2.903	2.435	0.010
	384.078	-0.363	-3.225	-2.899	2.435	0.010
	385.078	-0.364	-3.226	-2.901	2.435	0.010
	386.078	-0.363	-3.191	-2.865	2.435	0.010
	387.078	-0.363	-3.187	-2.860	2.435	0.011
	388.078	-0.363	-3.183	-2.857	2.435	0.010
	389.078	-0.363	-3.183	-2.856	2.435	0.010
	390.078	-0.363	-3.182	-2.856	2.435	0.010
	391.078	-0.363	-3.182	-2.857	2.435	0.010
	392.078	-0.364	-3.183	-2.857	2.435	0.010
	393.078	-0.363	-3.184	-2.858	2.435	0.011
	394.078	-0.363	-3.184	-2.858	2.435	0.011
	395.078	-0.363	-3.184	-2.859	2.435	0.011
	396.078	-0.363	-3.183	-2.858	2.435	0.011
	397.078	-0.363	-3.181	-2.856	2.435	0.011
	398.078	-0.363	-3.181	-2.855	2.435	0.011
	399.078	-0.363	-3.180	-2.855	2.435	0.011
	400.078	-0.363	-3.194	-2.868	2.435	0.011
	401.078	-0.363	-3.185	-2.859	2.435	0.011
	402.078	-0.363	-3.181	-2.855	2.435	0.011
	403.078	-0.363	-3.181	-2.855	2.435	0.011
	404.078	-0.362	-3.182	-2.856	2.435	0.011
	405.078	-0.363	-3.185	-2.860	2.435	0.011
	406.078	-0.362	-3.189	-2.863	2.435	0.011
	407.078	-0.362	-3.184	-2.859	2.435	0.011
	408.078	-0.363	-3.171	-2.845	2.435	0.011
	409.078	-0.362	-3.167	-2.841	2.435	0.011
	410.078	-0.363	-3.166	-2.840	2.435	0.011
	411.078	-0.363	-3.165	-2.840	2.435	0.011
	412.078	-0.362	-3.164	-2.839	2.435	0.011
	413.078	-0.362	-3.163	-2.837	2.435	0.011
	414.078	-0.363	-3.161	-2.836	2.435	0.011
	415.078	-0.363	-3.161	-2.836	2.435	0.011
	416.078	-0.362	-3.161	-2.835	2.435	0.011
	417.078	-0.362	-3.165	-2.840	2.435	0.011
	418.078	-0.362	-3.178	-2.852	2.435	0.011
	419.078	-0.362	-3.156	-2.831	2.435	0.011
	420.078	-0.362	-3.152	-2.826	2.435	0.011
	421.078	-0.363	-3.151	-2.826	2.435	0.011
	422.078	-0.362	-3.163	-2.837	2.435	0.011
	423.078	-0.362	-3.150	-2.824	2.435	0.011
	424.078	-0.362	-3.140	-2.815	2.435	0.011
	425.078	-0.362	-3.152	-2.827	2.435	0.011
	426.078	-0.363	-3.151	-2.826	2.435	0.011
	427.078	-0.362	-3.156	-2.832	2.435	0.011
	428.078	-0.363	-3.131	-2.805	2.435	0.011
	429.078	-0.362	-3.129	-2.804	2.435	0.011
	430.078	-0.362	-3.128	-2.803	2.435	0.011
	431.078	-0.362	-3.131	-2.806	2.435	0.011
	432.078	-0.362	-3.130	-2.805	2.435	0.011
	433.078	-0.362	-3.136	-2.811	2.435	0.011
	434.078	-0.362	-3.131	-2.806	2.435	0.011
	435.078	-0.362	-3.129	-2.804	2.435	0.011
	436.078	-0.361	-3.125	-2.800	2.435	0.011
	437.078	-0.362	-3.121	-2.796	2.435	0.011
	438.078	-0.361	-3.113	-2.788	2.435	0.011
	439.078	-0.362	-3.113	-2.788	2.435	0.011
	440.078	-0.362	-3.100	-2.775	2.435	0.011
	441.078	-0.362	-3.095	-2.770	2.435	0.011
	442.078	-0.361	-3.094	-2.769	2.435	0.012
	443.078	-0.362	-3.090	-2.765	2.435	0.011
	444.078	-0.362	-3.097	-2.772	2.435	0.011
	445.078	-0.361	-3.085	-2.761	2.435	0.011
	446.078	-0.362	-3.090	-2.766	2.435	0.011
	447.078	-0.362	-3.086	-2.761	2.435	0.011
	448.078	-0.362	-3.082	-2.756	2.435	0.011
	449.078	-0.361	-3.072	-2.748	2.435	0.011
	450.078	-0.362	-3.064	-2.739	2.435	0.011
	451.078	-0.362	-3.069	-2.744	2.435	0.011
	452.078	-0.362	-3.058	-2.733	2.435	0.012
	453.078	-0.361	-3.068	-2.743	2.435	0.012
	454.078	-0.361	-3.056	-2.731	2.435	0.012
	455.078	-0.361	-3.046	-2.721	2.435	0.012
	456.078	-0.361	-3.050	-2.726	2.435	0.012
	457.078	-0.368	-3.050	-2.719	2.435	0.014
	458.078	-0.383	-3.027	-2.682	2.435	0.018
	459.078	-0.392	-3.013	-2.658	2.435	0.022
	460.078	-0.410	-2.992	-2.618	2.435	0.028
	461.078	-0.427	-2.979	-2.589	2.435	0.033
	462.078	-0.437	-2.965	-2.563	2.435	0.037
	463.078	-0.457	-2.949	-2.529	2.435	0.044
	464.078	-0.458	-2.942	-2.521	2.435	0.044
	465.078	-0.469	-2.931	-2.498	2.435	0.048
	466.078	-0.495	-2.909	-2.450	2.435	0.057
	467.078	-0.515	-2.889	-2.411	2.435	0.064
	468.078	-0.527	-2.877	-2.385	2.435	0.069
	469.078	-0.539	-2.864	-2.361	2.435	0.073
	470.078	-0.558	-2.848	-2.325	2.435	0.080
	471.078	-0.571	-2.835	-2.300	2.435	0.084
	472.078	-0.584	-2.822	-2.273	2.435	0.089
	473.078	-0.593	-2.811	-2.253	2.435	0.093
	474.078	-0.602	-2.800	-2.232	2.435	0.096
	475.078	-0.610	-2.792	-2.217	2.435	0.099
	476.078	-0.634	-2.771	-2.171	2.435	0.108
	477.078	-0.630	-2.769	-2.173	2.435	0.107
	478.078	-0.641	-2.788	-2.182	2.435	0.111
	479.078	-0.669	-2.765	-2.131	2.435	0.120
	480.078	-0.690	-2.727	-2.071	2.435	0.128
	481.078	-0.694	-2.711	-2.051	2.435	0.130
	482.078	-0.707	-2.719	-2.046	2.435	0.134
	483.078	-0.730	-2.699	-2.003	2.435	0.142
	484.078	-0.753	-2.666	-1.947	2.435	0.150
	485.078	-0.750	-2.685	-1.969	2.435	0.150
	486.078	-0.773	-2.691	-1.952	2.435	0.157
	487.078	-0.794	-2.657	-1.897	2.435	0.164
	488.078	-0.808	-2.618	-1.843	2.435	0.170
	489.078	-0.817	-2.607	-1.823	2.435	0.173
	490.078	-0.821	-2.603	-1.815	2.435	0.175
	491.078	-0.839	-2.590	-1.784	2.435	0.182
	492.078	-0.844	-2.583	-1.773	2.435	0.184
	493.078	-0.841	-2.594	-1.786	2.435	0.184
	494.078	-0.864	-2.586	-1.754	2.435	0.192
	495.078	-0.884	-2.573	-1.722	2.435	0.198
	496.078	-0.881	-2.569	-1.720	2.435	0.199
	497.078	-0.896	-2.550	-1.687	2.435	0.204
	498.078	-0.923	-2.540	-1.650	2.435	0.212
	499.078	-0.938	-2.527	-1.621	2.435	0.217
	500.078	-0.947	-2.515	-1.601	2.435	0.221
	501.078	-0.961	-2.497	-1.568	2.435	0.226
	502.094	-0.960	-2.493	-1.566	2.435	0.227
	503.094	-0.985	-2.481	-1.527	2.435	0.235
	504.094	-0.990	-2.476	-1.518	2.435	0.237
	505.094	-0.993	-2.468	-1.506	2.435	0.239
	506.094	-1.018	-2.450	-1.464	2.435	0.247
	507.094	-1.026	-2.444	-1.450	2.435	0.250
	508.094	-1.042	-2.430	-1.419	2.435	0.255
	509.094	-1.031	-2.430	-1.431	2.435	0.254
	510.094	-1.046	-2.416	-1.402	2.435	0.259
	511.094	-1.054	-2.408	-1.384	2.435	0.263
	512.094	-1.057	-2.395	-1.370	2.435	0.265
	513.094	-1.066	-2.363	-1.328	2.435	0.268
	514.094	-1.087	-2.356	-1.301	2.435	0.274
	515.094	-1.109	-2.333	-1.256	2.435	0.280
	516.094	-1.093	-2.323	-1.262	2.435	0.278
	517.094	-1.116	-2.294	-1.210	2.435	0.285
	518.094	-1.139	-2.311	-1.204	2.435	0.291
	519.094	-1.153	-2.328	-1.206	2.435	0.293
	520.094	-1.129	-2.285	-1.188	2.435	0.291
	521.094	-1.134	-2.289	-1.186	2.435	0.293
	522.094	-1.141	-2.273	-1.163	2.435	0.296
	523.094	-1.199	-2.284	-1.116	2.435	0.310
	524.094	-1.204	-2.240	-1.066	2.435	0.313
	525.094	-1.211	-2.237	-1.056	2.435	0.316
	526.094	-1.213	-2.236	-1.053	2.435	0.318
	527.094	-1.226	-2.222	-1.027	2.435	0.322
	528.094	-1.248	-2.189	-0.972	2.435	0.328
	529.094	-1.244	-2.229	-1.015	2.435	0.328
	530.094	-1.262	-2.211	-0.980	2.435	0.333
	531.094	-1.266	-2.200	-0.964	2.435	0.335
	532.094	-1.273	-2.198	-0.954	2.435	0.338
	533.094	-1.278	-2.184	-0.936	2.435	0.340
	534.094	-1.289	-2.155	-0.896	2.435	0.344
	535.094	-1.277	-2.183	-0.936	2.435	0.343
	536.094	-1.271	-2.179	-0.938	2.435	0.343
	537.094	-1.280	-2.168	-0.917	2.435	0.347
	538.094	-1.288	-2.161	-0.902	2.435	0.350
	539.094	-1.296	-2.150	-0.884	2.435	0.353
	540.094	-1.306	-2.137	-0.860	2.435	0.356
	541.094	-1.307	-2.098	-0.820	2.435	0.359
	542.094	-1.335	-2.116	-0.812	2.435	0.364
	543.094	-1.329	-2.115	-0.815	2.435	0.365
	544.094	-1.337	-2.108	-0.800	2.435	0.368
	545.094	-1.345	-2.099	-0.783	2.435	0.371
	546.094	-1.352	-2.090	-0.767	2.435	0.373
	547.094	-1.361	-2.063	-0.731	2.435	0.377
	548.094	-1.380	-2.069	-0.719	2.435	0.381
	549.094	-1.405	-2.058	-0.681	2.435	0.387
	550.094	-1.409	-2.050	-0.671	2.435	0.389
	551.094	-1.417	-2.042	-0.654	2.435	0.392
	552.094	-1.433	-2.032	-0.629	2.435	0.396
	553.094	-1.425	-2.029	-0.633	2.435	0.396
	554.094	-1.433	-2.020	-0.617	2.435	0.399
	555.094	-1.446	-2.011	-0.594	2.435	0.402
	556.094	-1.450	-2.004	-0.583	2.435	0.404
	557.094	-1.451	-1.998	-0.575	2.435	0.406
	558.094	-1.459	-1.990	-0.560	2.435	0.409
	559.094	-1.460	-1.985	-0.553	2.435	0.410
	560.094	-1.467	-1.977	-0.539	2.435	0.413
	561.094	-1.481	-1.966	-0.514	2.435	0.416
	562.094	-1.481	-1.961	-0.508	2.435	0.418
	563.094	-1.485	-1.955	-0.499	2.435	0.420
	564.094	-1.494	-1.946	-0.481	2.435	0.423
	565.094	-1.513	-1.935	-0.450	2.435	0.427
	566.094	-1.518	-1.930	-0.440	2.435	0.429
	567.094	-1.524	-1.921	-0.425	2.435	0.432
	568.094	-1.547	-1.909	-0.390	2.435	0.437
	569.094	-1.565	-1.897	-0.359	2.435	0.441
	570.094	-1.570	-1.891	-0.348	2.435	0.443
	571.094	-1.538	-1.897	-0.386	2.435	0.439
	572.094	-1.569	-1.882	-0.341	2.435	0.445
	573.094	-1.582	-1.874	-0.320	2.435	0.449
	574.094	-1.586	-1.867	-0.308	2.435	0.451
	575.094	-1.588	-1.859	-0.298	2.435	0.452
	576.094	-1.597	-1.850	-0.280	2.435	0.455
	577.094	-1.606	-1.847	-0.268	2.435	0.457
	578.094	-1.609	-1.834	-0.253	2.435	0.459
	579.094	-1.605	-1.828	-0.252	2.435	0.460
	580.094	-1.613	-1.818	-0.232	2.435	0.462
	581.094	-1.624	-1.822	-0.226	2.435	0.465
	582.094	-1.624	-1.816	-0.219	2.435	0.466
	583.094	-1.636	-1.800	-0.190	2.435	0.469
	584.094	-1.636	-1.808	-0.199	2.435	0.470
	585.094	-1.660	-1.794	-0.162	2.435	0.475
	586.094	-1.658	-1.790	-0.159	2.435	0.476
	587.094	-1.665	-1.779	-0.140	2.435	0.478
	588.094	-1.665	-1.761	-0.123	2.435	0.480
	589.094	-1.668	-1.756	-0.115	2.435	0.481
	590.094	-1.682	-1.767	-0.112	2.435	0.484
	591.094	-1.668	-1.771	-0.130	2.435	0.483
	592.094	-1.679	-1.764	-0.112	2.435	0.486
	593.094	-1.675	-1.761	-0.113	2.435	0.487
	594.094	-1.693	-1.727	-0.061	2.435	0.491
	595.094	-1.700	-1.727	-0.054	2.435	0.493
	596.094	-1.715	-1.717	-0.030	2.435	0.496
	597.094	-1.705	-1.718	-0.040	2.435	0.496
	598.094	-1.717	-1.729	-0.039	2.435	0.498
	599.094	-1.733	-1.706	0.000	2.435	0.502
	600.094	-1.739	-1.704	0.008	2.435	0.503
	601.094	-1.742	-1.695	0.021	2.435	0.505
	602.094	-1.747	-1.697	0.023	2.435	0.507
	603.094	-1.748	-1.686	0.035	2.435	0.508
	604.094	-1.755	-1.687	0.042	2.435	0.510
	605.094	-1.758	-1.686	0.045	2.435	0.511
	606.094	-1.760	-1.684	0.049	2.435	0.513
	607.094	-1.771	-1.665	0.079	2.435	0.515
	608.094	-1.772	-1.661	0.084	2.435	0.516
	609.094	-1.774	-1.655	0.094	2.435	0.518
	610.094	-1.785	-1.647	0.112	2.435	0.520
	611.094	-1.788	-1.642	0.120	2.435	0.522
	612.094	-1.794	-1.644	0.124	2.435	0.524
	613.094	-1.798	-1.636	0.135	2.435	0.525
	614.094	-1.801	-1.627	0.148	2.435	0.527
	615.094	-1.776	-1.630	0.121	2.435	0.525
	616.094	-1.781	-1.624	0.131	2.435	0.526
	617.094	-1.800	-1.615	0.159	2.435	0.530
	618.094	-1.790	-1.615	0.149	2.435	0.529
	619.094	-1.785	-1.612	0.148	2.435	0.530
	620.094	-1.815	-1.602	0.187	2.435	0.535
	621.094	-1.823	-1.596	0.202	2.435	0.537
	622.094	-1.825	-1.596	0.203	2.435	0.538
	623.094	-1.803	-1.595	0.182	2.435	0.536
	624.094	-1.799	-1.595	0.178	2.435	0.537
	625.094	-1.800	-1.594	0.180	2.435	0.538
	626.094	-1.812	-1.575	0.210	2.435	0.540
	627.094	-1.810	-1.574	0.210	2.435	0.541
	628.094	-1.822	-1.563	0.234	2.435	0.544
	629.094	-1.819	-1.586	0.206	2.435	0.543
	630.094	-1.840	-1.578	0.237	2.435	0.548
	631.094	-1.847	-1.561	0.260	2.435	0.550
	632.094	-1.830	-1.558	0.246	2.435	0.548
	633.094	-1.826	-1.547	0.253	2.435	0.549
	634.094	-1.852	-1.524	0.302	2.435	0.554
	635.094	-1.839	-1.523	0.290	2.435	0.553
	636.094	-1.855	-1.529	0.301	2.435	0.556
	637.094	-1.867	-1.509	0.331	2.435	0.559
	638.094	-1.874	-1.505	0.344	2.435	0.561
	639.094	-1.864	-1.505	0.334	2.435	0.560
	640.094	-1.857	-1.504	0.329	2.435	0.560
	641.094	-1.878	-1.495	0.358	2.435	0.564
	642.094	-1.905	-1.486	0.394	2.435	0.568
	643.094	-1.892	-1.483	0.385	2.435	0.568
	644.094	-1.925	-1.478	0.422	2.435	0.573
	645.094	-1.923	-1.471	0.428	2.435	0.574
	646.094	-1.926	-1.464	0.438	2.435	0.575
	647.094	-1.908	-1.465	0.419	2.435	0.574
	648.094	-1.902	-1.463	0.414	2.435	0.575
	649.094	-1.922	-1.455	0.442	2.435	0.578
	650.094	-1.924	-1.451	0.447	2.435	0.579
	651.094	-1.933	-1.448	0.460	2.435	0.582
	652.094	-1.917	-1.449	0.444	2.435	0.581
	653.094	-1.950	-1.440	0.487	2.435	0.586
	654.094	-1.963	-1.427	0.512	2.435	0.589
	655.094	-1.951	-1.423	0.504	2.435	0.589
	656.094	-1.952	-1.422	0.506	2.435	0.590
	657.094	-1.943	-1.418	0.500	2.435	0.590
	658.094	-1.946	-1.414	0.507	2.435	0.591
	659.094	-1.941	-1.415	0.502	2.435	0.592
	660.094	-1.951	-1.409	0.518	2.435	0.594
	661.094	-1.953	-1.404	0.525	2.435	0.596
	662.094	-1.981	-1.393	0.564	2.435	0.600
	663.094	-1.961	-1.395	0.542	2.435	0.599
	664.094	-1.980	-1.386	0.570	2.435	0.603
	665.094	-2.004	-1.376	0.604	2.435	0.607
	666.094	-1.976	-1.380	0.571	2.435	0.605
	667.094	-1.978	-1.376	0.578	2.435	0.606
	668.094	-1.988	-1.371	0.593	2.435	0.609
	669.094	-1.996	-1.363	0.609	2.435	0.611
	670.094	-2.011	-1.355	0.632	2.435	0.614
	671.094	-2.006	-1.354	0.628	2.435	0.615
	672.094	-2.008	-1.349	0.635	2.435	0.616
	673.094	-2.011	-1.345	0.641	2.435	0.618
	674.094	-2.016	-1.339	0.653	2.435	0.620
	675.094	-2.025	-1.333	0.669	2.435	0.623
	676.094	-2.028	-1.327	0.677	2.435	0.624
	677.094	-2.041	-1.323	0.694	2.435	0.627
	678.094	-2.054	-1.315	0.715	2.435	0.630
	679.094	-2.047	-1.309	0.714	2.435	0.631
	680.094	-2.050	-1.306	0.721	2.435	0.633
	681.094	-2.058	-1.304	0.731	2.435	0.635
	682.094	-2.065	-1.300	0.742	2.435	0.637
	683.094	-2.074	-1.289	0.761	2.435	0.640
	684.094	-2.074	-1.284	0.766	2.435	0.641
	685.094	-2.079	-1.279	0.777	2.435	0.644
	686.094	-2.089	-1.268	0.796	2.435	0.646
	687.094	-2.093	-1.270	0.800	2.435	0.648
	688.094	-2.101	-1.264	0.813	2.435	0.651
	689.094	-2.109	-1.259	0.827	2.435	0.653
	690.094	-2.115	-1.253	0.838	2.435	0.655
	691.094	-2.120	-1.250	0.846	2.435	0.657
	692.094	-2.129	-1.250	0.855	2.435	0.660
	693.094	-2.135	-1.241	0.870	2.435	0.662
	694.094	-2.141	-1.237	0.881	2.435	0.665
	695.094	-2.148	-1.228	0.896	2.435	0.667
	696.094	-2.156	-1.226	0.907	2.435	0.670
	697.094	-2.160	-1.201	0.936	2.435	0.672
	698.094	-2.165	-1.197	0.945	2.435	0.675
	699.094	-2.180	-1.198	0.959	2.435	0.678
	700.094	-2.185	-1.189	0.974	2.435	0.680
	701.094	-2.207	-1.189	0.996	2.435	0.684
	702.125	-2.197	-1.183	0.992	2.435	0.685
	703.125	-2.204	-1.176	1.006	2.435	0.687
	704.125	-2.213	-1.169	1.021	2.435	0.690
	705.125	-2.224	-1.156	1.046	2.435	0.693
	706.125	-2.223	-1.139	1.061	2.435	0.695
	707.125	-2.232	-1.129	1.081	2.435	0.698
	708.125	-2.241	-1.137	1.082	2.435	0.701
	709.125	-2.255	-1.131	1.103	2.435	0.704
	710.125	-2.264	-1.117	1.125	2.435	0.707
	711.125	-2.259	-1.105	1.131	2.435	0.709
	712.125	-2.268	-1.102	1.143	2.435	0.711
	713.125	-2.272	-1.087	1.163	2.435	0.714
	714.125	-2.281	-1.081	1.178	2.435	0.717
	715.125	-2.306	-1.076	1.208	2.435	0.721
	716.125	-2.304	-1.071	1.212	2.435	0.723
	717.125	-2.307	-1.063	1.222	2.435	0.726
	718.125	-2.316	-1.062	1.232	2.435	0.729
	719.125	-2.327	-1.054	1.252	2.435	0.732
	720.125	-2.333	-1.038	1.274	2.435	0.735
	721.125	-2.348	-1.032	1.294	2.435	0.738
	722.125	-2.349	-1.031	1.296	2.435	0.740
	723.141	-2.363	-1.010	1.331	2.435	0.744
	724.141	-2.367	-1.016	1.329	2.435	0.747
	725.141	-2.376	-1.007	1.348	2.435	0.749
	726.141	-2.374	-0.980	1.373	2.435	0.752
	727.141	-2.400	-0.991	1.388	2.435	0.756
	728.141	-2.415	-0.981	1.413	2.435	0.760
	729.141	-2.431	-0.973	1.437	2.435	0.763
	730.141	-2.434	-0.963	1.451	2.435	0.766
	731.141	-2.432	-0.957	1.454	2.435	0.768
	732.141	-2.468	-0.943	1.504	2.435	0.773
	733.141	-2.442	-0.939	1.482	2.435	0.774
	734.141	-2.451	-0.930	1.500	2.435	0.777
	735.141	-2.461	-0.922	1.518	2.435	0.780
	736.141	-2.476	-0.909	1.545	2.435	0.784
	737.141	-2.483	-0.903	1.558	2.435	0.787
	738.141	-2.491	-0.893	1.578	2.435	0.790
	739.141	-2.504	-0.882	1.601	2.435	0.794
	740.141	-2.533	-0.855	1.658	2.435	0.799
	741.141	-2.515	-0.862	1.633	2.435	0.800
	742.141	-2.527	-0.852	1.654	2.435	0.803
	743.141	-2.553	-0.839	1.694	2.435	0.808
	744.141	-2.562	-0.830	1.712	2.435	0.812
	745.141	-2.565	-0.822	1.723	2.435	0.814
	746.141	-2.576	-0.812	1.745	2.435	0.818
	747.141	-2.583	-0.800	1.764	2.435	0.821
	748.141	-2.576	-0.791	1.765	2.435	0.823
	749.141	-2.586	-0.787	1.780	2.435	0.826
	750.141	-2.607	-0.773	1.815	2.435	0.831
	751.141	-2.598	-0.759	1.819	2.435	0.833
	752.141	-2.606	-0.757	1.830	2.435	0.834
	753.141	-2.623	-0.747	1.857	2.435	0.839
	754.141	-2.656	-0.736	1.902	2.435	0.845
	755.141	-2.662	-0.725	1.917	2.435	0.849
	756.141	-2.688	-0.710	1.959	2.435	0.854
	757.141	-2.684	-0.703	1.962	2.435	0.856
	758.141	-2.726	-0.684	2.024	2.435	0.863
	759.141	-2.746	-0.669	2.058	2.435	0.867
	760.141	-2.765	-0.660	2.086	2.435	0.871
	761.141	-2.739	-0.658	2.063	2.435	0.872
	762.141	-2.721	-0.654	2.047	2.435	0.871
	763.141	-2.739	-0.643	2.077	2.435	0.876
	764.141	-2.750	-0.631	2.100	2.435	0.879
	765.141	-2.740	-0.616	2.106	2.435	0.881
	766.141	-2.810	-0.600	2.192	2.435	0.889
	767.141	-2.819	-0.591	2.210	2.435	0.892
	768.141	-2.839	-0.581	2.240	2.435	0.897
	769.141	-2.850	-0.568	2.263	2.435	0.901
	770.141	-2.853	-0.559	2.277	2.435	0.905
	771.141	-2.840	-0.553	2.269	2.435	0.906
	772.141	-2.840	-0.541	2.282	2.435	0.910
	773.141	-2.863	-0.525	2.321	2.435	0.915
	774.141	-2.862	-0.522	2.322	2.435	0.917
	775.141	-2.897	-0.502	2.377	2.435	0.923
	776.141	-2.912	-0.490	2.406	2.435	0.928
	777.141	-2.905	-0.486	2.402	2.435	0.929
	778.141	-2.936	-0.470	2.449	2.435	0.935
