	0.000	-2.843	-0.397	2.428	2.417	1.082
	1.000	-2.594	-0.672	1.903	2.417	1.088
	2.000	-2.268	-1.040	1.205	2.417	1.092
	3.000	-1.984	-1.315	0.646	2.417	1.090
	4.000	-1.763	-1.530	0.207	2.417	1.086
	5.000	-1.621	-1.673	-0.079	2.418	1.085
	6.000	-1.453	-1.830	-0.406	2.417	1.089
	7.000	-1.186	-2.097	-0.942	2.417	1.093
	8.000	-0.844	-2.448	-1.637	2.417	1.092
	9.000	-0.421	-2.856	-2.471	2.417	1.088
	10.000	-0.352	-3.021	-2.705	2.417	1.121
	11.000	-0.351	-3.108	-2.794	2.417	1.138
	12.000	-0.350	-3.089	-2.776	2.417	1.130
	13.000	-0.350	-3.008	-2.694	2.418	1.098
	14.000	-0.641	-2.684	-2.078	2.417	1.084
	15.000	-1.033	-2.273	-1.272	2.417	1.091
	16.000	-1.346	-1.916	-0.600	2.418	1.092
	17.000	-1.576	-1.666	-0.118	2.417	1.088
	18.000	-1.714	-1.516	0.172	2.417	1.085
	19.000	-1.868	-1.362	0.481	2.417	1.086
	20.000	-2.108	-1.151	0.934	2.418	1.090
	21.000	-2.393	-0.867	1.505	2.417	1.094
	22.000	-2.702	-0.520	2.163	2.417	1.090
	23.000	-3.072	-0.154	2.902	2.418	1.094
	24.000	-3.166	-0.149	3.004	2.418	1.127
	25.000	-3.168	-0.143	3.008	2.418	1.136
	26.000	-3.126	-0.141	2.969	2.418	1.122
	27.000	-3.055	-0.140	2.899	2.417	1.086
	28.000	-2.685	-0.508	2.159	2.418	1.084
	29.000	-2.305	-0.905	1.379	2.418	1.091
	30.000	-2.025	-1.203	0.798	2.418	1.091
	31.000	-1.833	-1.397	0.410	2.418	1.084
	32.000	-1.660	-1.559	0.075	2.418	1.084
	33.000	-1.501	-1.714	-0.239	2.418	0.009
	34.000	-0.047	-0.064	-0.050	2.418	1.090
	35.000	-0.046	-0.064	-0.051	2.418	1.093
	36.000	-0.046	-0.064	-0.051	2.418	1.089
	37.000	-0.046	-0.064	-0.051	2.418	1.097
	38.000	-0.046	-0.064	-0.050	2.418	1.128
	39.000	-0.348	-2.985	-2.674	2.418	1.139
	40.000	-0.347	-2.993	-2.683	2.418	1.127
	41.000	-0.346	-2.935	-2.625	2.418	1.093
	42.000	-0.660	-2.585	-1.959	2.418	1.084
	43.000	-1.119	-2.141	-1.052	2.418	1.092
	44.000	-1.316	-1.942	-0.654	2.418	1.091
	45.000	-1.527	-1.679	-0.180	2.418	1.088
	46.000	-1.701	-1.482	0.193	2.418	1.085
	47.000	-1.818	-1.365	0.428	2.418	1.086
	48.000	-1.993	-1.186	0.783	2.418	1.090
	49.000	-2.250	-0.897	1.331	2.418	0.734
	50.000	-2.551	-0.590	1.941	2.418	0.009
	51.000	-2.940	-0.172	2.752	2.418	0.923
	52.000	-3.081	-0.148	2.918	2.418	1.117
	53.000	-3.154	-0.146	2.993	2.418	1.137
	54.000	-3.160	-0.143	3.002	2.418	1.135
	55.000	-3.084	-0.140	2.930	2.418	1.112
	56.000	-2.890	-0.243	2.630	2.418	1.081
	57.000	-2.523	-0.650	1.853	2.418	1.088
	58.000	-2.219	-0.966	1.231	2.418	1.092
	59.016	-1.943	-1.231	0.687	2.418	1.090
	60.016	-1.758	-1.418	0.315	2.398	1.086
	61.016	-1.625	-1.559	0.039	2.398	1.085
	62.016	-1.497	-1.701	-0.234	2.426	1.086
	63.016	-1.293	-1.932	-0.669	2.429	1.090
	64.016	-1.039	-2.222	-1.215	2.429	1.093
	65.016	-0.719	-2.536	-1.852	2.429	1.090
	66.016	-0.353	-2.921	-2.605	2.429	1.101
	67.016	-0.353	-2.991	-2.674	2.429	1.128
	68.016	-0.353	-3.004	-2.688	2.429	1.140
	69.016	-0.351	-2.960	-2.646	2.429	1.133
	70.016	-0.350	-2.889	-2.575	2.429	1.107
	71.016	-0.522	-2.674	-2.188	2.429	1.082
	72.016	-0.885	-2.330	-1.479	2.429	1.089
	73.016	-1.214	-2.008	-0.825	2.429	1.093
	74.016	-1.451	-1.771	-0.348	2.429	1.091
	75.016	-1.625	-1.596	0.003	2.429	1.087
	76.016	-1.740	-1.473	0.240	2.429	1.085
	77.016	-1.900	-1.296	0.579	2.429	1.087
	78.016	-2.097	-1.103	0.971	2.429	1.091
	79.016	-2.336	-0.850	1.465	2.429	1.093
	80.016	-2.623	-0.535	2.068	2.429	1.091
	81.016	-3.008	-0.150	2.842	2.429	1.088
	82.016	-3.095	-0.147	2.933	2.429	1.122
	83.016	-3.145	-0.143	2.987	2.429	1.140
	84.016	-3.150	-0.142	2.994	2.429	1.137
	85.016	-3.103	-0.139	2.949	2.429	1.114
	86.016	-2.965	-0.189	2.760	2.429	1.082
	87.016	-2.562	-0.621	1.923	2.429	1.089
	88.016	-2.269	-0.946	1.301	2.429	1.094
	89.016	-2.008	-1.210	0.775	2.429	1.093
	90.016	-1.816	-1.394	0.397	2.429	1.089
	91.016	-1.664	-1.537	0.100	2.429	1.087
	92.016	-1.541	-1.656	-0.142	2.429	1.087
	93.016	-1.381	-1.817	-0.464	2.429	1.091
	94.016	-1.179	-2.038	-0.889	2.429	1.094
	95.016	-0.886	-2.354	-1.502	2.429	1.093
	96.016	-0.565	-2.705	-2.175	2.429	0.010
	97.016	-0.354	-2.981	-2.663	2.429	1.104
	98.016	-0.354	-3.040	-2.725	2.429	1.132
	99.016	-0.352	-3.044	-2.729	2.430	1.142
	100.016	-0.351	-3.000	-2.684	2.430	1.133
	101.016	-0.351	-2.905	-2.591	2.430	1.102
	102.016	-0.531	-2.681	-2.186	2.430	1.084
	103.016	-0.925	-2.286	-1.392	2.430	1.092
	104.016	-1.222	-2.010	-0.817	2.430	1.095
	105.016	-1.465	-1.779	-0.341	2.430	1.094
	106.016	-1.609	-1.641	-0.060	2.430	1.090
	107.016	-1.753	-1.479	0.248	2.430	1.087
	108.016	-1.900	-1.340	0.535	2.430	1.088
	109.016	-2.062	-1.180	0.859	2.430	1.093
	110.016	-2.269	-0.961	1.286	2.430	1.096
	111.016	-2.574	-0.633	1.922	2.430	1.093
	112.016	-2.925	-0.274	2.635	2.430	1.088
	113.016	-3.105	-0.150	2.939	2.430	1.114
	114.016	-3.151	-0.147	2.989	2.430	1.136
	115.016	-3.170	-0.144	3.011	2.430	1.143
	116.016	-3.165	-0.143	3.008	2.430	1.133
	117.016	-3.112	-0.140	2.957	2.430	1.102
	118.016	-2.873	-0.325	2.532	2.430	1.083
	119.016	-2.503	-0.734	1.749	2.430	1.095
	120.016	-2.256	-1.013	1.221	2.430	1.099
	121.016	-2.004	-1.260	0.721	2.430	1.097
	122.016	-1.814	-1.444	0.346	2.430	1.093
	123.016	-1.667	-1.580	0.060	2.430	1.091
	124.016	-1.562	-1.680	-0.145	2.430	1.092
	125.016	-1.413	-1.833	-0.449	2.430	1.094
	126.016	-1.211	-2.042	-0.862	2.430	1.098
	127.016	-0.946	-2.323	-1.409	2.430	1.098
	128.016	-0.653	-2.617	-1.998	2.430	1.095
	129.016	-0.356	-2.941	-2.623	2.430	1.100
	130.016	-0.355	-3.044	-2.726	2.430	1.130
	131.016	-0.354	-3.132	-2.815	2.430	1.146
	132.016	-0.353	-3.133	-2.817	2.430	1.144
	133.016	-0.353	-3.050	-2.733	2.430	1.127
	134.016	-0.353	-2.927	-2.611	2.430	1.091
	135.016	-0.697	-2.587	-1.924	2.430	1.093
	136.016	-1.034	-2.249	-1.245	2.430	1.099
	137.016	-1.282	-1.989	-0.737	2.430	1.101
	138.016	-1.515	-1.745	-0.258	2.430	1.098
	139.016	-1.659	-1.605	0.028	2.430	1.095
	140.016	-1.778	-1.491	0.261	2.430	1.093
	141.016	-1.895	-1.374	0.496	2.430	1.094
	142.016	-2.080	-1.198	0.860	2.430	1.096
	143.016	-2.293	-1.002	1.269	2.430	1.100
	144.016	-2.535	-0.743	1.772	2.430	1.100
	145.016	-2.823	-0.423	2.382	2.430	1.095
	146.016	-3.108	-0.156	2.938	2.430	1.103
	147.016	-3.196	-0.152	3.030	2.430	1.132
	148.016	-3.226	-0.147	3.064	2.430	1.146
	149.016	-3.206	-0.145	3.047	2.430	1.144
	150.016	-3.168	-0.143	3.011	2.430	1.127
	151.016	-3.116	-0.141	2.960	2.430	1.097
	152.016	-2.796	-0.465	2.313	2.430	1.095
	153.016	-2.476	-0.801	1.656	2.430	1.102
	154.016	-2.200	-1.110	1.068	2.430	1.105
	155.016	-2.019	-1.298	0.696	2.430	1.103
	156.016	-1.849	-1.466	0.357	2.430	1.099
	157.016	-1.713	-1.600	0.087	2.430	1.096
	158.016	-1.572	-1.741	-0.196	2.430	1.096
	159.016	-1.440	-1.889	-0.478	2.430	1.100
	160.016	-1.274	-2.052	-0.809	2.430	1.104
	161.016	-1.053	-2.260	-1.238	2.430	1.105
	162.016	-0.741	-2.564	-1.858	2.430	1.101
	163.016	-0.406	-2.905	-2.536	2.430	1.096
	164.016	-0.355	-3.047	-2.729	2.430	1.125
	165.016	-0.355	-3.108	-2.791	2.430	1.146
	166.016	-0.354	-3.142	-2.825	2.430	1.151
	167.016	-0.353	-3.154	-2.838	2.430	1.144
	168.016	-0.353	-3.102	-2.786	2.430	1.119
	169.016	-0.691	-2.680	-2.023	2.430	1.100
	170.016	-0.843	-2.534	-1.725	2.430	1.103
	171.016	-1.108	-2.273	-1.196	2.430	1.107
	172.016	-1.345	-2.014	-0.698	2.430	1.107
	173.016	-1.521	-1.807	-0.314	2.430	1.104
	174.016	-1.686	-1.622	0.037	2.430	1.100
	175.016	-1.807	-1.496	0.286	2.430	1.099
	176.016	-1.919	-1.386	0.508	2.430	1.100
	177.016	-2.053	-1.260	0.769	2.430	1.102
	178.016	-2.245	-1.070	1.153	2.430	1.105
	179.016	-2.509	-0.822	1.667	2.430	1.105
	180.016	-2.787	-0.546	2.224	2.430	1.102
	181.016	-3.088	-0.218	2.856	2.430	1.098
	182.016	-3.200	-0.154	3.032	2.430	1.124
	183.016	-3.268	-0.151	3.102	2.430	1.144
	184.016	-3.299	-0.148	3.138	2.430	1.151
	185.016	-3.276	-0.145	3.117	2.430	1.145
	186.016	-3.206	-0.143	3.049	2.430	1.125
	187.016	-3.086	-0.188	2.883	2.430	1.098
	188.016	-2.770	-0.539	2.212	2.430	1.103
	189.016	-2.500	-0.837	1.643	2.430	1.108
	190.016	-2.231	-1.106	1.103	2.430	1.110
	191.016	-2.032	-1.309	0.699	2.430	1.108
	192.016	-1.870	-1.486	0.359	2.430	1.105
	193.016	-1.759	-1.604	0.129	2.430	1.103
	194.016	-1.650	-1.726	-0.103	2.430	1.103
	195.016	-1.515	-1.870	-0.383	2.430	1.104
	196.016	-1.343	-2.060	-0.747	2.430	1.107
	197.016	-1.151	-2.266	-1.146	2.430	1.109
	198.016	-0.900	-2.530	-1.662	2.430	1.109
	199.016	-0.623	-2.780	-2.191	2.430	1.105
	200.016	-0.355	-3.061	-2.743	2.430	1.111
	201.016	-0.355	-3.123	-2.805	2.430	1.138
	202.016	-0.354	-3.157	-2.840	2.430	1.153
	203.016	-0.354	-3.155	-2.838	2.430	1.155
	204.016	-0.353	-3.120	-2.804	2.430	1.145
	205.016	-0.352	-3.089	-2.773	2.430	1.121
	206.016	-0.445	-2.944	-2.535	2.430	0.010
	207.016	-0.807	-2.590	-1.817	2.430	0.010
	208.016	-1.085	-2.327	-1.274	2.430	0.264
	209.016	-1.345	-2.098	-0.783	2.430	0.352
	210.016	-1.527	-1.855	-0.356	2.430	0.417
	211.016	-1.685	-1.689	-0.029	2.430	0.471
	212.016	-1.781	-1.579	0.177	2.430	0.508
	213.016	-1.892	-1.460	0.408	2.430	0.547
	214.016	-2.029	-1.354	0.651	2.430	0.591
	215.016	-2.197	-1.185	0.990	2.430	0.649
	216.016	-2.376	-0.999	1.357	2.430	1.112
	217.016	-2.608	-0.754	1.835	2.430	1.112
	218.016	-2.875	-0.473	2.385	2.430	1.108
	219.016	-3.201	-0.160	3.025	2.430	1.105
	220.016	-3.281	-0.156	3.112	2.430	1.132
	221.016	-3.322	-0.152	3.156	2.430	1.150
	222.016	-3.330	-0.150	3.167	2.430	1.155
	223.016	-3.329	-0.147	3.168	2.430	1.149
	224.016	-3.297	-0.145	3.139	2.430	1.133
	225.016	-3.203	-0.148	3.040	2.430	1.103
	226.016	-2.878	-0.484	2.377	2.430	1.107
	227.016	-2.571	-0.814	1.737	2.430	1.113
	228.016	-2.353	-1.051	1.282	2.430	1.116
	229.016	-2.155	-1.256	0.875	2.430	1.115
	230.016	-1.991	-1.404	0.564	2.430	1.112
	231.016	-1.836	-1.544	0.266	2.430	1.109
	232.016	-1.725	-1.662	0.036	2.430	1.108
	233.016	-1.628	-1.771	-0.171	2.430	1.109
	234.016	-1.517	-1.893	-0.403	2.430	1.111
	235.016	-1.354	-2.076	-0.752	2.430	1.114
	236.016	-1.161	-2.284	-1.154	2.430	1.115
	237.016	-0.899	-2.575	-1.709	2.430	1.113
	238.016	-0.620	-2.874	-2.289	2.430	1.109
	239.031	-0.357	-3.155	-2.836	2.430	1.112
	240.031	-0.356	-3.195	-2.876	2.430	1.137
	241.031	-0.355	-3.224	-2.906	2.430	1.155
	242.031	-0.355	-3.242	-2.925	2.430	1.158
	243.031	-0.354	-3.238	-2.921	2.430	1.153
	244.031	-0.354	-3.161	-2.845	2.430	1.135
	245.031	-0.354	-3.062	-2.746	2.430	1.108
	246.031	-0.682	-2.727	-2.080	2.430	1.111
	247.031	-0.966	-2.460	-1.526	2.430	1.116
	248.031	-1.218	-2.227	-1.040	2.430	1.119
	249.031	-1.408	-2.051	-0.673	2.430	1.119
	250.031	-1.587	-1.863	-0.303	2.430	1.116
	251.031	-1.722	-1.727	-0.031	2.430	1.113
	252.031	-1.842	-1.608	0.207	2.430	1.111
	253.031	-1.931	-1.519	0.387	2.430	1.111
	254.031	-2.038	-1.404	0.610	2.430	1.113
	255.031	-2.183	-1.249	0.909	2.430	1.116
	256.031	-2.381	-1.046	1.314	2.430	1.118
	257.047	-2.593	-0.826	1.746	2.430	1.118
	258.047	-2.840	-0.565	2.257	2.430	1.115
	259.047	-3.090	-0.287	2.786	2.430	1.111
	260.047	-3.248	-0.158	3.076	2.430	1.126
	261.047	-3.317	-0.155	3.148	2.430	1.147
	262.047	-3.369	-0.152	3.203	2.430	1.158
	263.047	-3.376	-0.149	3.213	2.430	1.159
	264.047	-3.346	-0.147	3.186	2.430	1.149
	265.047	-3.282	-0.144	3.123	2.430	1.128
	266.047	-3.172	-0.214	2.943	2.430	1.109
	267.047	-2.858	-0.565	2.275	2.430	1.114
	268.047	-2.642	-0.801	1.822	2.430	1.118
	269.047	-2.397	-1.055	1.321	2.430	1.121
	270.047	-2.182	-1.280	0.879	2.430	1.121
	271.047	-2.018	-1.428	0.566	2.430	1.118
	272.047	-1.884	-1.565	0.294	2.430	1.115
	273.047	-1.798	-1.654	0.119	2.430	1.114
	274.047	-1.687	-1.747	-0.087	2.430	1.113
	275.047	-1.573	-1.853	-0.308	2.430	1.115
	276.047	-1.434	-1.997	-0.591	2.430	1.117
	277.047	-1.283	-2.161	-0.908	2.430	1.120
	278.047	-1.096	-2.352	-1.287	2.430	1.121
	279.047	-0.867	-2.582	-1.748	2.430	1.119
	280.047	-0.580	-2.880	-2.335	2.430	1.114
	281.047	-0.357	-3.145	-2.826	2.430	1.118
	282.047	-0.356	-3.228	-2.909	2.430	1.143
	283.047	-0.356	-3.278	-2.959	2.430	1.156
	284.047	-0.355	-3.279	-2.962	2.430	1.161
	285.047	-0.354	-3.270	-2.953	2.430	1.157
	286.047	-0.354	-3.182	-2.866	2.431	1.119
	287.219	-0.354	-3.165	-2.849	2.430	1.114
	288.250	-0.624	-2.871	-2.283	2.430	1.113
	289.250	-0.921	-2.541	-1.652	2.430	1.118
	290.250	-1.141	-2.309	-1.199	2.430	1.122
	291.250	-1.353	-2.091	-0.767	2.430	1.124
	292.250	-1.523	-1.921	-0.426	2.430	1.122
	293.250	-1.643	-1.792	-0.177	2.430	1.119
	294.250	-1.748	-1.679	0.041	2.431	1.117
	295.250	-1.850	-1.563	0.261	2.430	1.116
	296.250	-1.964	-1.460	0.479	2.430	1.116
	297.250	-2.084	-1.358	0.703	2.430	1.118
	298.250	-2.219	-1.242	0.954	2.430	1.121
	299.250	-2.374	-1.087	1.266	2.431	1.123
	300.250	-2.567	-0.883	1.663	2.430	1.123
	301.250	-2.806	-0.629	2.158	2.431	1.120
	302.250	-3.081	-0.345	2.719	2.430	1.116
	303.250	-3.272	-0.162	3.097	2.431	1.122
	304.250	-3.326	-0.156	3.156	2.431	1.144
	305.250	-3.348	-0.154	3.181	2.431	1.158
	306.250	-3.358	-0.150	3.194	2.431	1.163
	307.250	-3.364	-0.149	3.202	2.431	1.160
	308.250	-3.347	-0.147	3.186	2.431	1.148
	309.250	-3.294	-0.145	3.135	2.431	1.127
	310.250	-3.128	-0.268	2.844	2.431	1.113
	311.250	-2.849	-0.560	2.272	2.431	1.118
	312.250	-2.596	-0.828	1.749	2.431	1.123
	313.250	-2.393	-1.055	1.318	2.431	1.126
	314.250	-2.230	-1.235	0.972	2.431	1.126
	315.250	-2.083	-1.389	0.671	2.431	1.123
	316.250	-1.954	-1.512	0.416	2.431	1.121
	317.250	-1.834	-1.630	0.179	2.431	1.118
	318.250	-1.731	-1.741	-0.037	2.431	1.118
	319.250	-1.634	-1.847	-0.240	2.431	1.119
	320.250	-1.540	-1.946	-0.435	2.431	1.121
	321.250	-1.410	-2.074	-0.693	2.431	1.124
	322.250	-1.242	-2.233	-1.020	2.431	1.126
	323.250	-1.043	-2.424	-1.413	2.431	1.125
	324.250	-0.812	-2.660	-1.881	2.431	1.122
	325.250	-0.551	-2.926	-2.411	2.431	1.118
	326.250	-0.357	-3.123	-2.803	2.431	1.123
	327.250	-0.357	-3.157	-2.838	2.431	1.145
	328.250	-0.357	-3.186	-2.867	2.431	1.159
	329.250	-0.356	-3.223	-2.905	2.431	1.165
	330.250	-0.355	-3.253	-2.935	2.431	1.163
	331.250	-0.355	-3.248	-2.931	2.431	1.151
	332.250	-0.355	-3.211	-2.894	2.431	1.134
	333.250	-0.395	-3.107	-2.748	2.431	1.113
	334.250	-0.688	-2.807	-2.154	2.431	1.118
	335.250	-0.942	-2.569	-1.661	2.431	1.122
	336.250	-1.150	-2.371	-1.252	2.431	1.125
	337.250	-1.337	-2.174	-0.868	2.431	1.126
	338.250	-1.503	-1.988	-0.514	2.431	1.125
	339.250	-1.637	-1.838	-0.229	2.431	1.123
	340.250	-1.748	-1.715	0.007	2.431	1.121
	341.250	-1.835	-1.620	0.189	2.431	1.119
	342.250	-1.905	-1.534	0.346	2.431	1.119
	343.250	-1.996	-1.427	0.545	2.431	1.120
	344.250	-2.112	-1.308	0.780	2.431	1.123
	345.250	-2.259	-1.166	1.070	2.431	1.125
	346.250	-2.427	-1.003	1.404	2.431	1.126
	347.250	-2.629	-0.806	1.804	2.431	0.688
	348.250	-2.821	-0.604	2.200	2.431	0.860
	349.250	-3.061	-0.349	2.696	2.431	0.943
	350.250	-3.267	-0.153	3.100	2.431	1.016
	351.250	-3.317	-0.152	3.152	2.431	1.035
	352.250	-3.355	-0.150	3.192	2.431	1.049
	353.250	-3.373	-0.148	3.211	2.431	1.055
	354.250	-3.375	-0.147	3.215	2.431	1.054
	355.250	-3.362	-0.145	3.205	2.431	1.047
	356.250	-3.331	-0.143	3.174	2.431	1.032
	357.250	-3.269	-0.141	3.114	2.431	1.012
	358.250	-3.013	-0.391	2.606	2.431	0.928
	359.250	-2.760	-0.657	2.086	2.431	0.843
	360.250	-2.541	-0.886	1.635	2.431	0.768
	361.250	-2.359	-1.076	1.262	2.431	0.703
	362.250	-2.207	-1.235	0.949	2.431	0.647
	363.250	-2.068	-1.372	0.673	2.431	0.599
	364.250	-1.945	-1.485	0.436	2.431	0.557
	365.250	-1.842	-1.581	0.236	2.431	0.522
	366.250	-1.748	-1.670	0.051	2.431	0.491
	367.250	-1.662	-1.760	-0.124	2.431	0.461
	368.250	-1.572	-1.858	-0.314	2.431	0.429
	369.250	-1.467	-1.981	-0.542	2.431	0.391
	370.250	-1.328	-2.137	-0.838	2.431	0.343
	371.250	-1.161	-2.327	-1.197	2.431	0.287
	372.250	-0.966	-2.531	-1.597	2.431	0.220
	373.250	-0.746	-2.758	-2.046	2.431	0.144
	374.250	-0.506	-2.999	-2.529	2.431	0.062
	375.250	-0.357	-3.186	-2.865	2.431	0.010
	376.250	-0.356	-3.240	-2.921	2.431	0.011
	377.250	-0.356	-3.272	-2.954	2.431	0.011
	378.250	-0.355	-3.266	-2.948	2.431	0.011
	379.250	-0.355	-3.286	-2.967	2.431	0.011
	380.250	-0.354	-3.229	-2.912	2.431	0.012
	381.250	-0.354	-3.184	-2.867	2.431	0.012
	382.250	-0.354	-3.113	-2.796	2.431	0.013
	383.250	-0.517	-2.921	-2.440	2.431	0.064
	384.250	-0.764	-2.665	-1.934	2.431	0.153
	385.250	-0.993	-2.443	-1.482	2.431	0.233
	386.250	-1.194	-2.253	-1.089	2.431	0.302
	387.250	-1.364	-2.087	-0.752	2.431	0.360
	388.250	-1.496	-1.950	-0.481	2.431	0.408
	389.250	-1.614	-1.842	-0.256	2.431	0.449
	390.250	-1.708	-1.740	-0.058	2.431	0.483
	391.250	-1.802	-1.652	0.124	2.431	0.513
	392.250	-1.891	-1.567	0.300	2.431	0.542
	393.250	-1.978	-1.479	0.474	2.431	0.572
	394.250	-2.075	-1.380	0.671	2.431	0.606
	395.250	-2.195	-1.253	0.919	2.431	0.650
	396.250	-2.320	-1.125	1.174	2.431	0.694
	397.250	-2.474	-0.964	1.490	2.431	0.748
	398.250	-2.649	-0.775	1.855	2.431	0.810
	399.250	-2.848	-0.555	2.276	2.431	0.879
	400.250	-3.081	-0.312	2.752	2.431	0.957
	401.250	-3.257	-0.152	3.091	2.431	1.019
	402.250	-3.307	-0.149	3.144	2.431	1.037
	403.250	-3.320	-0.148	3.159	2.431	1.050
	404.250	-3.348	-0.146	3.188	2.431	1.056
	405.250	-3.358	-0.145	3.199	2.431	1.057
	406.250	-3.350	-0.143	3.194	2.431	1.052
	407.250	-3.326	-0.141	3.171	2.431	1.042
	408.250	-3.278	-0.140	3.124	2.431	1.026
	409.250	-3.165	-0.195	2.955	2.431	0.990
	410.250	-2.929	-0.444	2.468	2.431	0.908
	411.250	-2.726	-0.674	2.034	2.431	0.833
	412.250	-2.546	-0.880	1.647	2.431	0.767
	413.250	-2.374	-1.063	1.291	2.431	0.707
	414.250	-2.226	-1.220	0.984	2.431	0.655
	415.250	-2.088	-1.358	0.707	2.432	0.609
	416.250	-1.967	-1.477	0.466	2.431	0.569
	417.250	-1.864	-1.571	0.268	2.431	0.535
	418.250	-1.780	-1.652	0.102	2.431	0.506
	419.250	-1.702	-1.732	-0.057	2.431	0.479
	420.250	-1.630	-1.808	-0.205	2.431	0.452
	421.250	-1.542	-1.892	-0.378	2.431	0.421
	422.250	-1.435	-2.002	-0.596	2.431	0.383
	423.250	-1.304	-2.135	-0.860	2.431	0.339
	424.250	-1.151	-2.286	-1.166	2.431	0.286
	425.250	-0.978	-2.455	-1.509	2.432	0.226
	426.250	-0.778	-2.652	-1.907	2.432	0.157
	427.250	-0.566	-2.851	-2.321	2.431	0.083
	428.250	-0.357	-3.061	-2.741	2.432	0.011
	429.250	-0.356	-3.126	-2.807	2.431	0.011
	430.250	-0.356	-3.184	-2.865	2.432	0.011
	431.250	-0.355	-3.213	-2.894	2.432	0.011
	432.250	-0.355	-3.236	-2.918	2.431	0.011
	433.250	-0.355	-3.228	-2.909	2.432	0.012
	434.250	-0.356	-3.209	-2.891	2.432	0.012
	435.250	-0.355	-3.201	-2.882	2.432	0.012
	436.250	-0.355	-3.155	-2.837	2.432	0.013
	437.250	-0.478	-3.000	-2.559	2.431	0.053
	438.250	-0.714	-2.765	-2.085	2.432	0.135
	439.250	-0.921	-2.553	-1.665	2.431	0.208
	440.250	-1.105	-2.368	-1.294	2.432	0.273
	441.250	-1.261	-2.190	-0.959	2.432	0.330
	442.250	-1.402	-2.038	-0.664	2.431	0.380
	443.250	-1.527	-1.911	-0.411	2.432	0.423
	444.250	-1.635	-1.796	-0.187	2.431	0.459
	445.250	-1.719	-1.691	0.003	2.432	0.489
	446.250	-1.795	-1.601	0.169	2.432	0.516
	447.250	-1.867	-1.525	0.317	2.432	0.542
	448.250	-1.932	-1.447	0.461	2.432	0.568
	449.250	-2.015	-1.361	0.630	2.432	0.598
	450.250	-2.120	-1.264	0.833	2.431	0.635
	451.250	-2.245	-1.148	1.076	2.432	0.677
	452.266	-2.398	-1.008	1.370	2.431	0.727
	453.266	-2.558	-0.848	1.690	2.432	0.781
	454.266	-2.735	-0.669	2.048	2.431	0.842
	455.266	-2.917	-0.467	2.435	2.432	0.908
	456.266	-3.107	-0.250	2.842	2.432	0.980
	457.266	-3.229	-0.154	3.061	2.432	1.024
	458.266	-3.279	-0.151	3.114	2.432	1.040
	459.266	-3.318	-0.149	3.155	2.432	1.051
	460.266	-3.348	-0.147	3.187	2.432	1.058
	461.266	-3.357	-0.146	3.198	2.432	1.059
	462.266	-3.345	-0.144	3.188	2.432	1.056
	463.266	-3.313	-0.143	3.156	2.432	1.048
	464.266	-3.261	-0.142	3.105	2.432	1.035
	465.266	-3.207	-0.141	3.052	2.432	1.018
	466.266	-3.031	-0.304	2.712	2.432	0.955
	467.266	-2.867	-0.493	2.357	2.432	0.893
	468.266	-2.681	-0.697	1.965	2.431	0.826
	469.266	-2.510	-0.880	1.610	2.431	0.765
	470.266	-2.354	-1.038	1.295	2.432	0.711
	471.266	-2.209	-1.177	1.009	2.431	0.661
	472.266	-2.077	-1.295	0.759	2.432	0.617
	473.266	-1.968	-1.393	0.551	2.432	0.579
	474.266	-1.886	-1.480	0.381	2.432	0.548
	475.266	-1.816	-1.559	0.232	2.432	0.520
	476.266	-1.749	-1.632	0.091	2.432	0.496
	477.266	-1.678	-1.707	-0.056	2.432	0.471
	478.266	-1.602	-1.800	-0.226	2.431	0.444
	479.266	-1.509	-1.892	-0.410	2.432	0.413
	480.266	-1.404	-2.007	-0.632	2.432	0.376
	481.266	-1.285	-2.141	-0.885	2.432	0.336
	482.266	-1.153	-2.293	-1.171	2.431	0.289
	483.266	-1.007	-2.451	-1.476	2.431	0.237
	484.266	-0.836	-2.625	-1.822	2.432	0.177
	485.266	-0.645	-2.811	-2.200	2.432	0.111
	486.266	-0.437	-3.006	-2.606	2.431	0.038
	487.266	-0.358	-3.121	-2.800	2.431	0.011
	488.266	-0.358	-3.162	-2.842	2.432	0.011
	489.266	-0.357	-3.181	-2.861	2.432	0.011
	490.266	-0.358	-3.189	-2.869	2.432	0.011
	491.266	-0.357	-3.179	-2.859	2.432	0.011
	492.266	-0.356	-3.166	-2.846	2.432	0.011
	493.266	-0.357	-3.151	-2.832	2.432	0.012
	494.266	-0.357	-3.115	-2.796	2.432	0.012
	495.266	-0.356	-3.068	-2.749	2.432	0.012
	496.266	-0.374	-2.996	-2.660	2.432	0.018
	497.266	-0.587	-2.780	-2.227	2.432	0.092
	498.266	-0.785	-2.585	-1.833	2.432	0.163
	499.266	-0.961	-2.414	-1.485	2.432	0.226
	500.266	-1.125	-2.257	-1.162	2.432	0.285
	501.266	-1.274	-2.115	-0.871	2.432	0.337
	502.266	-1.407	-1.997	-0.619	2.432	0.383
	503.266	-1.516	-1.885	-0.396	2.431	0.422
	504.266	-1.610	-1.786	-0.203	2.432	0.455
	505.266	-1.684	-1.707	-0.049	2.432	0.482
	506.266	-1.748	-1.638	0.084	2.432	0.507
	507.266	-1.811	-1.572	0.213	2.432	0.530
	508.266	-1.880	-1.503	0.351	2.431	0.554
	509.266	-1.954	-1.429	0.502	2.432	0.580
	510.266	-2.046	-1.343	0.679	2.432	0.611
	511.266	-2.149	-1.245	0.881	2.432	0.646
	512.266	-2.263	-1.132	1.109	2.431	0.686
	513.266	-2.388	-1.004	1.363	2.432	0.730
	514.266	-2.518	-0.860	1.638	2.432	0.778
	515.266	-2.659	-0.696	1.944	2.431	0.832
	516.266	-2.819	-0.516	2.285	2.431	0.891
	517.266	-2.998	-0.318	2.663	2.431	0.956
	518.266	-3.164	-0.153	2.996	2.431	1.016
	519.266	-3.218	-0.150	3.053	2.431	1.033
	520.266	-3.257	-0.148	3.096	2.431	1.046
	521.266	-3.288	-0.146	3.128	2.431	1.055
	522.266	-3.301	-0.145	3.142	2.431	1.060
	523.266	-3.298	-0.144	3.141	2.431	1.061
	524.266	-3.281	-0.143	3.124	2.431	1.058
	525.266	-3.257	-0.142	3.101	2.431	1.051
	526.266	-3.230	-0.141	3.074	2.431	1.040
	527.266	-3.197	-0.140	3.042	2.431	1.026
	528.266	-3.145	-0.157	2.972	2.431	1.003
	529.266	-2.960	-0.362	2.582	2.431	0.934
	530.266	-2.754	-0.588	2.147	2.431	0.858
	531.266	-2.605	-0.734	1.851	2.431	0.809
	532.266	-2.440	-0.899	1.520	2.431	0.753
	533.266	-2.302	-1.043	1.237	2.431	0.704
	534.266	-2.179	-1.172	0.984	2.431	0.660
	535.266	-2.078	-1.286	0.767	2.431	0.621
	536.266	-1.982	-1.387	0.570	2.431	0.587
	537.266	-1.905	-1.471	0.409	2.431	0.557
	538.266	-1.832	-1.544	0.262	2.431	0.531
	539.266	-1.764	-1.613	0.125	2.431	0.507
	540.266	-1.695	-1.681	-0.012	2.431	0.484
	541.266	-1.621	-1.752	-0.158	2.431	0.460
	542.266	-1.547	-1.827	-0.307	2.431	0.435
	543.266	-1.467	-1.907	-0.468	2.431	0.406
	544.266	-1.378	-1.990	-0.642	2.431	0.374
	545.266	-1.278	-2.091	-0.842	2.431	0.338
	546.266	-1.165	-2.203	-1.070	2.431	0.297
	547.266	-1.038	-2.327	-1.321	2.431	0.251
	548.266	-0.883	-2.474	-1.625	2.431	0.197
	549.266	-0.713	-2.637	-1.958	2.431	0.137
	550.266	-0.530	-2.809	-2.314	2.431	0.072
	551.266	-0.359	-2.982	-2.659	2.431	0.011
	552.266	-0.359	-3.028	-2.707	2.431	0.011
	553.266	-0.358	-3.065	-2.744	2.431	0.011
	554.266	-0.358	-3.093	-2.772	2.431	0.011
	555.266	-0.358	-3.112	-2.790	2.431	0.011
	556.266	-0.358	-3.123	-2.803	2.431	0.011
	557.266	-0.358	-3.125	-2.804	2.431	0.011
	558.266	-0.357	-3.114	-2.794	2.431	0.012
	559.266	-0.357	-3.108	-2.788	2.431	0.012
	560.266	-0.356	-3.103	-2.783	2.431	0.012
	561.266	-0.357	-3.074	-2.754	2.431	0.013
	562.266	-0.408	-2.982	-2.611	2.431	0.029
	563.266	-0.597	-2.792	-2.229	2.431	0.096
	564.266	-0.779	-2.617	-1.872	2.431	0.161
	565.266	-0.949	-2.457	-1.541	2.431	0.222
	566.266	-1.102	-2.298	-1.228	2.431	0.277
	567.266	-1.237	-2.163	-0.956	2.431	0.325
	568.266	-1.355	-2.040	-0.714	2.431	0.368
	569.266	-1.456	-1.931	-0.503	2.431	0.404
	570.266	-1.540	-1.838	-0.326	2.431	0.436
	571.266	-1.607	-1.749	-0.169	2.431	0.463
	572.266	-1.676	-1.667	-0.018	2.432	0.488
	573.266	-1.740	-1.595	0.118	2.432	0.510
	574.266	-1.804	-1.520	0.258	2.431	0.532
	575.266	-1.856	-1.460	0.371	2.431	0.553
	576.266	-1.929	-1.389	0.516	2.431	0.577
	577.266	-2.006	-1.323	0.658	2.432	0.604
	578.266	-2.084	-1.244	0.817	2.431	0.633
	579.266	-2.171	-1.151	0.998	2.431	0.666
	580.266	-2.265	-1.048	1.195	2.431	0.702
	581.266	-2.380	-0.932	1.426	2.431	0.743
	582.266	-2.510	-0.803	1.688	2.431	0.788
	583.266	-2.646	-0.658	1.968	2.431	0.838
	584.266	-2.803	-0.498	2.288	2.431	0.892
	585.266	-2.971	-0.325	2.629	2.431	0.951
	586.266	-3.135	-0.156	2.965	2.431	1.012
	587.266	-3.183	-0.148	3.020	2.431	1.030
	588.266	-3.224	-0.147	3.063	2.431	1.042
	589.266	-3.252	-0.146	3.092	2.432	1.053
	590.266	-3.269	-0.146	3.109	2.431	1.060
	591.266	-3.270	-0.145	3.111	2.431	1.063
	592.266	-3.273	-0.145	3.114	2.431	1.063
	593.266	-3.268	-0.144	3.110	2.431	1.060
	594.266	-3.260	-0.144	3.102	2.431	1.054
	595.266	-3.246	-0.142	3.090	2.431	1.045
	596.266	-3.216	-0.141	3.060	2.431	1.034
	597.266	-3.176	-0.140	3.021	2.431	1.019
	598.266	-3.044	-0.245	2.782	2.431	0.976
	599.266	-2.861	-0.433	2.410	2.431	0.913
	600.266	-2.701	-0.607	2.075	2.432	0.855
	601.266	-2.556	-0.767	1.769	2.432	0.803
	602.266	-2.430	-0.909	1.499	2.431	0.755
	603.266	-2.311	-1.037	1.252	2.431	0.712
	604.266	-2.206	-1.150	1.034	2.431	0.672
	605.266	-2.106	-1.252	0.831	2.431	0.636
	606.266	-2.013	-1.338	0.650	2.432	0.603
	607.266	-1.928	-1.410	0.494	2.431	0.574
	608.266	-1.854	-1.474	0.354	2.431	0.548
	609.266	-1.786	-1.529	0.231	2.431	0.525
	610.266	-1.720	-1.592	0.103	2.432	0.503
	611.266	-1.663	-1.647	-0.010	2.432	0.482
	612.266	-1.606	-1.705	-0.125	2.431	0.462
	613.266	-1.549	-1.765	-0.244	2.431	0.440
	614.266	-1.484	-1.830	-0.375	2.432	0.416
	615.266	-1.417	-1.911	-0.523	2.431	0.390
	616.266	-1.335	-2.000	-0.693	2.431	0.360
	617.266	-1.239	-2.105	-0.897	2.432	0.325
	618.266	-1.129	-2.223	-1.126	2.431	0.286
	619.266	-1.006	-2.338	-1.363	2.431	0.242
	620.266	-0.866	-2.484	-1.650	2.431	0.193
	621.266	-0.718	-2.627	-1.943	2.431	0.140
	622.266	-0.563	-2.792	-2.265	2.431	0.083
	623.266	-0.399	-2.957	-2.595	2.431	0.024
	624.266	-0.360	-3.035	-2.713	2.431	0.011
	625.266	-0.360	-3.080	-2.757	2.432	0.011
	626.266	-0.359	-3.127	-2.805	2.432	0.010
	627.266	-0.359	-3.149	-2.827	2.432	0.011
	628.266	-0.359	-3.169	-2.848	2.432	0.011
	629.266	-0.359	-3.178	-2.856	2.431	0.011
	630.266	-0.358	-3.181	-2.860	2.432	0.011
	631.266	-0.358	-3.174	-2.853	2.431	0.011
	632.266	-0.358	-3.157	-2.836	2.431	0.012
	633.266	-0.357	-3.125	-2.804	2.431	0.012
	634.266	-0.357	-3.086	-2.765	2.431	0.012
	635.266	-0.357	-3.051	-2.731	2.431	0.013
	636.266	-0.453	-2.929	-2.513	2.431	0.044
	637.266	-0.624	-2.755	-2.166	2.431	0.105
	638.266	-0.787	-2.582	-1.828	2.432	0.164
	639.266	-0.940	-2.435	-1.527	2.432	0.219
	640.266	-1.076	-2.299	-1.256	2.431	0.268
	641.266	-1.195	-2.164	-0.999	2.431	0.312
	642.266	-1.299	-2.060	-0.790	2.431	0.350
	643.266	-1.391	-1.964	-0.602	2.431	0.384
	644.266	-1.478	-1.872	-0.422	2.431	0.416
	645.266	-1.549	-1.786	-0.265	2.431	0.443
	646.266	-1.616	-1.709	-0.121	2.431	0.467
	647.266	-1.677	-1.641	0.010	2.431	0.489
	648.266	-1.735	-1.578	0.131	2.432	0.510
	649.266	-1.791	-1.519	0.245	2.432	0.529
	650.266	-1.850	-1.462	0.363	2.431	0.549
	651.266	-1.906	-1.406	0.476	2.431	0.569
	652.266	-1.965	-1.347	0.594	2.431	0.591
	653.266	-2.023	-1.285	0.714	2.431	0.614
	654.266	-2.102	-1.214	0.863	2.432	0.641
	655.266	-2.182	-1.138	1.021	2.432	0.670
	656.266	-2.267	-1.050	1.195	2.432	0.703
	657.266	-2.369	-0.952	1.396	2.431	0.739
	658.266	-2.484	-0.840	1.624	2.431	0.778
	659.266	-2.597	-0.718	1.860	2.432	0.820
	660.266	-2.735	-0.581	2.134	2.432	0.867
	661.266	-2.885	-0.434	2.434	2.432	0.917
	662.266	-3.032	-0.280	2.736	2.431	0.970
	663.266	-3.162	-0.151	2.996	2.431	1.018
	664.266	-3.197	-0.150	3.032	2.431	1.033
	665.266	-3.215	-0.150	3.051	2.431	1.043
	666.266	-3.240	-0.149	3.077	2.432	1.053
	667.266	-3.258	-0.148	3.096	2.432	1.060
	668.266	-3.273	-0.147	3.112	2.431	1.064
	669.266	-3.286	-0.146	3.126	2.431	1.066
	670.266	-3.294	-0.145	3.135	2.432	1.066
	671.266	-3.287	-0.144	3.129	2.431	1.063
	672.266	-3.272	-0.143	3.115	2.431	1.057
	673.266	-3.253	-0.143	3.096	2.432	1.049
	674.266	-3.223	-0.142	3.067	2.431	1.039
	675.266	-3.187	-0.141	3.032	2.432	1.027
	676.266	-3.122	-0.173	2.934	2.431	1.004
	677.266	-2.962	-0.338	2.608	2.432	0.949
	678.266	-2.799	-0.501	2.281	2.432	0.894
	679.266	-2.659	-0.650	1.990	2.432	0.844
	680.266	-2.532	-0.781	1.730	2.431	0.798
	681.266	-2.414	-0.904	1.489	2.432	0.755
	682.266	-2.317	-1.012	1.283	2.432	0.717
	683.266	-2.222	-1.112	1.088	2.432	0.682
	684.266	-2.134	-1.204	0.907	2.432	0.649
	685.266	-2.052	-1.284	0.745	2.432	0.619
	686.266	-1.976	-1.356	0.595	2.432	0.592
	687.266	-1.907	-1.423	0.460	2.432	0.567
	688.266	-1.842	-1.482	0.335	2.432	0.545
	689.266	-1.785	-1.540	0.220	2.432	0.524
	690.266	-1.736	-1.588	0.122	2.432	0.506
	691.266	-1.684	-1.640	0.018	2.432	0.488
	692.266	-1.631	-1.692	-0.088	2.432	0.469
	693.266	-1.583	-1.746	-0.189	2.432	0.451
	694.266	-1.533	-1.803	-0.297	2.432	0.431
	695.266	-1.476	-1.871	-0.423	2.432	0.410
	696.266	-1.408	-1.952	-0.573	2.432	0.385
	697.266	-1.332	-2.046	-0.743	2.432	0.358
	698.266	-1.248	-2.145	-0.927	2.432	0.327
	699.266	-1.152	-2.245	-1.123	2.432	0.293
	700.266	-1.046	-2.354	-1.340	2.432	0.256
	701.266	-0.931	-2.463	-1.564	2.432	0.215
	702.266	-0.802	-2.588	-1.819	2.432	0.169
	703.266	-0.669	-2.728	-2.093	2.432	0.121
	704.266	-0.527	-2.877	-2.385	2.432	0.070
	705.266	-0.381	-3.015	-2.671	2.432	0.018
	706.266	-0.361	-3.074	-2.751	2.432	0.010
	707.266	-0.361	-3.117	-2.793	2.432	0.011
	708.266	-0.360	-3.152	-2.829	2.432	0.011
	709.266	-0.360	-3.175	-2.853	2.432	0.011
	710.266	-0.360	-3.192	-2.870	2.432	0.011
	711.266	-0.359	-3.202	-2.880	2.432	0.011
	712.266	-0.359	-3.205	-2.884	2.432	0.011
	713.266	-0.359	-3.200	-2.879	2.432	0.011
	714.266	-0.358	-3.183	-2.862	2.432	0.011
	715.266	-0.358	-3.157	-2.837	2.432	0.012
	716.266	-0.358	-3.135	-2.814	2.432	0.012
	717.266	-0.358	-3.104	-2.783	2.432	0.012
	718.266	-0.358	-3.061	-2.740	2.432	0.012
	719.266	-0.359	-3.007	-2.685	2.432	0.013
	720.266	-0.511	-2.838	-2.363	2.432	0.064
	721.266	-0.659	-2.692	-2.067	2.432	0.118
	722.266	-0.802	-2.549	-1.781	2.432	0.168
	723.266	-0.931	-2.426	-1.527	2.432	0.215
	724.266	-1.051	-2.313	-1.292	2.432	0.259
	725.266	-1.162	-2.202	-1.071	2.432	0.298
	726.266	-1.257	-2.103	-0.876	2.432	0.333
	727.266	-1.342	-2.011	-0.698	2.432	0.365
	728.266	-1.425	-1.925	-0.529	2.432	0.395
	729.266	-1.496	-1.856	-0.388	2.432	0.420
	730.266	-1.564	-1.789	-0.253	2.432	0.445
	731.266	-1.627	-1.726	-0.127	2.432	0.467
	732.266	-1.683	-1.661	-0.004	2.432	0.487
	733.266	-1.739	-1.602	0.111	2.432	0.506
	734.266	-1.789	-1.556	0.208	2.432	0.523
	735.266	-1.833	-1.508	0.300	2.432	0.539
	736.266	-1.879	-1.458	0.396	2.432	0.556
	737.266	-1.925	-1.414	0.487	2.432	0.573
	738.266	-1.975	-1.370	0.581	2.432	0.591
	739.266	-2.035	-1.318	0.693	2.432	0.612
	740.266	-2.100	-1.261	0.815	2.432	0.635
	741.266	-2.173	-1.199	0.951	2.432	0.660
	742.266	-2.239	-1.120	1.097	2.432	0.686
	743.266	-2.323	-1.042	1.260	2.432	0.716
	744.266	-2.415	-0.952	1.443	2.432	0.748
	745.266	-2.517	-0.850	1.647	2.432	0.783
	746.266	-2.629	-0.738	1.872	2.432	0.821
	747.266	-2.746	-0.619	2.108	2.432	0.861
	748.266	-2.865	-0.493	2.356	2.432	0.903
	749.266	-2.990	-0.358	2.616	2.432	0.948
	750.266	-3.102	-0.224	2.863	2.432	0.994
	751.266	-3.193	-0.153	3.026	2.432	1.026
	752.266	-3.225	-0.152	3.059	2.432	1.037
	753.266	-3.246	-0.151	3.080	2.432	1.047
	754.266	-3.265	-0.151	3.100	2.432	1.055
	755.266	-3.287	-0.149	3.124	2.432	1.062
	756.266	-3.295	-0.149	3.132	2.432	1.066
	757.266	-3.308	-0.148	3.146	2.432	1.069
	758.266	-3.310	-0.147	3.149	2.432	1.070
	759.266	-3.313	-0.146	3.152	2.432	1.069
	760.266	-3.309	-0.145	3.151	2.432	1.066
	761.266	-3.286	-0.144	3.127	2.432	1.061
	762.266	-3.267	-0.144	3.109	2.432	1.053
	763.266	-3.245	-0.142	3.089	2.432	1.046
	764.266	-3.218	-0.142	3.061	2.432	1.036
	765.266	-3.185	-0.142	3.028	2.432	1.025
	766.266	-3.078	-0.238	2.824	2.432	0.988
	767.266	-2.945	-0.378	2.550	2.432	0.941
	768.266	-2.811	-0.517	2.277	2.432	0.894
	769.266	-2.691	-0.645	2.028	2.432	0.851
	770.266	-2.578	-0.763	1.794	2.432	0.810
	771.266	-2.470	-0.875	1.574	2.432	0.772
	772.266	-2.375	-0.976	1.379	2.432	0.738
	773.266	-2.292	-1.067	1.204	2.432	0.706
	774.266	-2.215	-1.150	1.042	2.432	0.676
	775.266	-2.142	-1.230	0.889	2.432	0.648
	776.266	-2.071	-1.302	0.745	2.432	0.622
	777.266	-2.004	-1.363	0.618	2.432	0.599
	778.266	-1.945	-1.425	0.497	2.432	0.576
	779.266	-1.894	-1.482	0.386	2.432	0.557
	780.266	-1.839	-1.527	0.286	2.432	0.538
	781.266	-1.791	-1.571	0.193	2.432	0.520
	782.266	-1.740	-1.620	0.093	2.432	0.503
	783.266	-1.692	-1.662	0.004	2.432	0.487
	784.266	-1.654	-1.709	-0.082	2.432	0.474
	785.266	-1.613	-1.756	-0.170	2.432	0.458
	786.266	-1.569	-1.808	-0.266	2.432	0.442
	787.266	-1.519	-1.868	-0.377	2.432	0.423
	788.266	-1.465	-1.928	-0.492	2.432	0.403
	789.266	-1.404	-1.994	-0.618	2.432	0.382
	790.266	-1.337	-2.069	-0.761	2.432	0.358
	791.266	-1.260	-2.166	-0.935	2.432	0.331
	792.266	-1.177	-2.244	-1.097	2.432	0.302
	793.266	-1.089	-2.338	-1.281	2.432	0.270
	794.266	-0.990	-2.443	-1.486	2.432	0.235
	795.266	-0.886	-2.558	-1.705	2.432	0.198
	796.266	-0.776	-2.670	-1.927	2.432	0.159
	797.266	-0.661	-2.784	-2.158	2.432	0.118
	798.266	-0.539	-2.900	-2.396	2.432	0.074
	799.266	-0.415	-3.033	-2.655	2.432	0.030
	800.266	-0.361	-3.109	-2.785	2.432	0.011
	801.266	-0.361	-3.144	-2.820	2.432	0.011
	802.266	-0.360	-3.171	-2.848	2.432	0.011
	803.266	-0.360	-3.191	-2.868	2.432	0.011
	804.266	-0.361	-3.209	-2.886	2.432	0.011
	805.266	-0.359	-3.221	-2.898	2.432	0.011
	806.266	-0.360	-3.227	-2.905	2.432	0.011
	807.266	-0.359	-3.228	-2.906	2.432	0.012
	808.266	-0.359	-3.214	-2.893	2.432	0.012
	809.266	-0.359	-3.193	-2.871	2.432	0.012
	810.266	-0.359	-3.174	-2.853	2.432	0.012
	811.266	-0.358	-3.161	-2.840	2.432	0.012
	812.266	-0.359	-3.133	-2.812	2.432	0.013
	813.266	-0.359	-3.103	-2.782	2.432	0.013
	814.266	-0.358	-3.069	-2.748	2.432	0.013
	815.266	-0.359	-3.033	-2.711	2.432	0.013
	816.266	-0.447	-2.935	-2.524	2.432	0.042
	817.266	-0.578	-2.805	-2.262	2.432	0.088
	818.266	-0.704	-2.679	-2.009	2.432	0.133
	819.266	-0.825	-2.565	-1.772	2.432	0.176
	820.266	-0.936	-2.456	-1.552	2.432	0.216
	821.266	-1.040	-2.355	-1.346	2.432	0.253
	822.266	-1.132	-2.261	-1.160	2.432	0.287
	823.266	-1.222	-2.171	-0.980	2.432	0.319
	824.266	-1.299	-2.094	-0.824	2.432	0.347
	825.266	-1.377	-2.013	-0.665	2.432	0.375
	826.266	-1.445	-1.948	-0.532	2.432	0.399
	827.266	-1.507	-1.874	-0.395	2.432	0.422
	828.266	-1.565	-1.812	-0.275	2.432	0.443
	829.266	-1.622	-1.754	-0.159	2.432	0.463
	830.266	-1.675	-1.703	-0.055	2.432	0.481
	831.266	-1.721	-1.656	0.039	2.432	0.497
	832.266	-1.768	-1.613	0.129	2.432	0.513
	833.266	-1.812	-1.584	0.203	2.432	0.527
	834.266	-1.855	-1.544	0.286	2.432	0.541
	835.266	-1.894	-1.498	0.371	2.432	0.556
	836.266	-1.930	-1.453	0.453	2.432	0.570
	837.266	-1.979	-1.413	0.542	2.432	0.586
	838.266	-2.027	-1.369	0.634	2.432	0.603
	839.266	-2.074	-1.324	0.726	2.432	0.620
	840.266	-2.123	-1.275	0.825	2.432	0.639
	841.266	-2.185	-1.216	0.946	2.432	0.661
	842.266	-2.245	-1.150	1.072	2.432	0.684
	843.266	-2.316	-1.084	1.210	2.432	0.708
	844.266	-2.396	-1.010	1.365	2.432	0.735
	845.266	-2.473	-0.929	1.523	2.432	0.763
	846.266	-2.559	-0.840	1.699	2.432	0.793
	847.266	-2.652	-0.744	1.888	2.432	0.826
	848.266	-2.754	-0.641	2.094	2.432	0.860
	849.266	-2.858	-0.530	2.310	2.432	0.896
	850.266	-2.968	-0.417	2.534	2.432	0.934
	851.266	-3.076	-0.300	2.761	2.432	0.973
	852.266	-3.184	-0.184	2.985	2.432	1.013
	853.266	-3.236	-0.152	3.070	2.432	1.032
	854.266	-3.255	-0.151	3.090	2.432	1.042
	855.266	-3.275	-0.150	3.109	2.432	1.050
	856.266	-3.291	-0.150	3.127	2.432	1.057
	857.266	-3.306	-0.150	3.143	2.432	1.063
	858.266	-3.321	-0.148	3.159	2.432	1.068
	859.266	-3.333	-0.149	3.171	2.432	1.071
	860.266	-3.343	-0.147	3.182	2.432	1.073
	861.266	-3.351	-0.147	3.190	2.432	1.073
	862.266	-3.350	-0.146	3.191	2.432	1.073
	863.266	-3.339	-0.146	3.180	2.432	1.070
	864.266	-3.328	-0.144	3.169	2.432	1.067
	865.266	-3.318	-0.144	3.160	2.432	1.062
	866.266	-3.303	-0.144	3.146	2.432	1.056
	867.266	-3.275	-0.143	3.118	2.432	1.048
	868.266	-3.241	-0.142	3.084	2.432	1.040
	869.266	-3.216	-0.141	3.061	2.432	1.030
	870.266	-3.127	-0.220	2.890	2.432	0.999
	871.266	-3.005	-0.342	2.647	2.432	0.958
	872.266	-2.898	-0.461	2.419	2.432	0.919
	873.266	-2.793	-0.577	2.198	2.432	0.881
	874.266	-2.689	-0.680	1.990	2.432	0.845
	875.266	-2.599	-0.779	1.801	2.432	0.812
	876.266	-2.517	-0.876	1.621	2.432	0.781
	877.266	-2.440	-0.965	1.455	2.432	0.752
	878.266	-2.362	-1.047	1.295	2.432	0.724
	879.266	-2.290	-1.121	1.146	2.432	0.697
	880.266	-2.220	-1.194	1.003	2.432	0.672
	881.266	-2.153	-1.262	0.867	2.432	0.648
	882.266	-2.088	-1.323	0.741	2.432	0.626
	883.266	-2.035	-1.376	0.634	2.432	0.606
	884.266	-1.974	-1.428	0.521	2.432	0.586
	885.266	-1.924	-1.475	0.425	2.432	0.568
	886.266	-1.876	-1.519	0.333	2.432	0.552
	887.266	-1.832	-1.558	0.249	2.432	0.536
	888.266	-1.796	-1.595	0.175	2.432	0.522
	889.266	-1.757	-1.634	0.096	2.432	0.508
	890.266	-1.722	-1.675	0.021	2.432	0.495
	891.266	-1.687	-1.718	-0.057	2.432	0.482
	892.266	-1.656	-1.749	-0.120	2.432	0.470
	893.266	-1.619	-1.784	-0.192	2.432	0.457
	894.266	-1.579	-1.841	-0.289	2.432	0.442
	895.266	-1.538	-1.893	-0.383	2.432	0.427
	896.266	-1.491	-1.940	-0.478	2.432	0.410
	897.266	-1.440	-1.995	-0.585	2.432	0.392
	898.266	-1.382	-2.042	-0.689	2.432	0.372
	899.266	-1.323	-2.107	-0.814	2.432	0.351
	900.266	-1.259	-2.175	-0.947	2.432	0.328
	901.266	-1.183	-2.250	-1.098	2.432	0.303
	902.266	-1.108	-2.329	-1.252	2.432	0.276
	903.266	-1.029	-2.413	-1.416	2.432	0.248
	904.266	-0.945	-2.500	-1.588	2.432	0.218
	905.266	-0.854	-2.597	-1.776	2.432	0.186
	906.266	-0.760	-2.690	-1.963	2.432	0.152
	907.266	-0.660	-2.800	-2.175	2.432	0.117
	908.266	-0.561	-2.905	-2.380	2.432	0.081
	909.266	-0.459	-3.012	-2.589	2.432	0.045
	910.266	-0.362	-3.115	-2.790	2.432	0.011
	911.266	-0.362	-3.154	-2.829	2.432	0.011
	912.266	-0.361	-3.188	-2.864	2.432	0.011
	913.266	-0.362	-3.194	-2.869	2.432	0.011
	914.266	-0.361	-3.213	-2.889	2.432	0.011
	915.266	-0.361	-3.234	-2.911	2.432	0.011
	916.266	-0.360	-3.253	-2.930	2.432	0.011
	917.266	-0.361	-3.267	-2.944	2.432	0.011
	918.266	-0.360	-3.273	-2.951	2.432	0.012
	919.266	-0.360	-3.278	-2.955	2.432	0.012
	920.266	-0.360	-3.275	-2.953	2.432	0.012
	921.266	-0.360	-3.271	-2.948	2.432	0.012
	922.266	-0.360	-3.258	-2.936	2.432	0.012
	923.266	-0.360	-3.253	-2.931	2.432	0.012
	924.266	-0.359	-3.239	-2.918	2.432	0.013
	925.266	-0.359	-3.221	-2.899	2.432	0.013
	926.266	-0.359	-3.195	-2.873	2.433	0.013
	927.266	-0.359	-3.153	-2.831	2.433	0.013
	928.297	-0.359	-3.128	-2.806	2.433	0.013
	929.297	-0.417	-3.068	-2.688	2.432	0.031
	930.297	-0.525	-2.958	-2.470	2.433	0.068
	931.297	-0.636	-2.834	-2.232	2.433	0.107
	932.297	-0.744	-2.733	-2.024	2.433	0.145
	933.297	-0.846	-2.640	-1.828	2.433	0.180
	934.297	-0.938	-2.545	-1.639	2.433	0.213
	935.297	-1.027	-2.447	-1.452	2.433	0.245
	936.297	-1.110	-2.373	-1.294	2.433	0.274
	937.297	-1.189	-2.295	-1.137	2.433	0.302
	938.297	-1.263	-2.219	-0.986	2.433	0.328
	939.297	-1.329	-2.144	-0.844	2.433	0.352
	940.297	-1.392	-2.080	-0.716	2.433	0.375
	941.297	-1.450	-2.011	-0.590	2.433	0.396
	942.297	-1.504	-1.941	-0.466	2.433	0.416
	943.297	-1.552	-1.881	-0.357	2.433	0.434
	944.297	-1.601	-1.826	-0.252	2.433	0.451
	945.297	-1.650	-1.775	-0.152	2.433	0.467
	946.297	-1.695	-1.730	-0.061	2.433	0.483
	947.297	-1.731	-1.688	0.016	2.433	0.496
	948.297	-1.765	-1.649	0.090	2.432	0.508
	949.297	-1.805	-1.611	0.168	2.433	0.521
	950.297	-1.842	-1.588	0.228	2.433	0.533
	951.297	-1.875	-1.548	0.301	2.433	0.545
	952.297	-1.908	-1.511	0.372	2.433	0.557
	953.297	-1.943	-1.475	0.443	2.433	0.569
	954.297	-1.977	-1.438	0.515	2.433	0.582
	955.297	-2.013	-1.401	0.587	2.433	0.595
	956.297	-2.048	-1.363	0.662	2.433	0.609
	957.297	-2.090	-1.324	0.743	2.433	0.624
	958.297	-2.135	-1.280	0.832	2.433	0.640
	959.297	-2.189	-1.232	0.933	2.433	0.658
	960.297	-2.238	-1.179	1.037	2.433	0.677
	961.297	-2.296	-1.125	1.149	2.433	0.697
	962.297	-2.357	-1.066	1.269	2.433	0.718
	963.297	-2.421	-1.001	1.398	2.433	0.740
	964.297	-2.487	-0.935	1.531	2.433	0.763
	965.297	-2.558	-0.864	1.673	2.433	0.788
	966.297	-2.634	-0.789	1.826	2.433	0.814
	967.297	-2.718	-0.708	1.991	2.433	0.842
	968.297	-2.809	-0.624	2.166	2.433	0.871
	969.297	-2.896	-0.532	2.348	2.433	0.901
	970.297	-2.980	-0.436	2.527	2.433	0.932
	971.297	-3.070	-0.341	2.713	2.433	0.964
	972.297	-3.161	-0.245	2.901	2.433	0.996
	973.297	-3.226	-0.159	3.052	2.433	1.027
	974.297	-3.275	-0.153	3.108	2.433	1.038
	975.297	-3.289	-0.152	3.121	2.433	1.046
	976.297	-3.306	-0.152	3.140	2.433	1.053
	977.297	-3.320	-0.152	3.155	2.433	1.059
	978.297	-3.338	-0.151	3.173	2.433	1.064
	979.297	-3.353	-0.150	3.190	2.433	1.068
	980.297	-3.363	-0.149	3.200	2.433	1.072
	981.297	-3.373	-0.149	3.210	2.433	1.074
	982.297	-3.381	-0.149	3.218	2.433	1.076
	983.297	-3.380	-0.148	3.219	2.433	1.076
	984.297	-3.380	-0.148	3.219	2.433	1.076
	985.297	-3.380	-0.147	3.220	2.433	1.074
	986.297	-3.383	-0.147	3.222	2.433	1.072
	987.297	-3.379	-0.147	3.219	2.433	1.069
	988.297	-3.373	-0.146	3.213	2.433	1.065
	989.297	-3.360	-0.145	3.201	2.433	1.061
	990.297	-3.341	-0.144	3.183	2.433	1.055
	991.297	-3.321	-0.144	3.163	2.433	1.048
	992.328	-3.300	-0.143	3.143	2.433	1.040
	993.328	-3.267	-0.144	3.109	2.433	1.030
	994.328	-3.190	-0.206	2.969	2.433	1.006
	995.328	-3.087	-0.318	2.754	2.433	0.971
	996.328	-2.989	-0.423	2.549	2.433	0.937
	997.328	-2.901	-0.524	2.359	2.433	0.905
	998.328	-2.817	-0.617	2.181	2.433	0.875
	999.328	-2.719	-0.700	2.000	2.433	0.846
	1000.328	-2.651	-0.793	1.839	2.433	0.819
	1001.328	-2.564	-0.855	1.689	2.433	0.792
	1002.328	-2.493	-0.934	1.538	2.433	0.767
	1003.328	-2.433	-1.007	1.405	2.433	0.743
	1004.328	-2.372	-1.076	1.274	2.433	0.720
	1005.328	-2.311	-1.138	1.151	2.433	0.698
	1006.328	-2.256	-1.211	1.022	2.433	0.678
	1007.328	-2.204	-1.271	0.909	2.433	0.658
	1008.328	-2.148	-1.319	0.805	2.433	0.639
	1009.328	-2.096	-1.374	0.698	2.433	0.621
	1010.328	-2.046	-1.409	0.614	2.433	0.605
	1011.328	-2.000	-1.447	0.529	2.433	0.589
	1012.328	-1.959	-1.511	0.423	2.433	0.574
	1013.328	-1.918	-1.547	0.346	2.433	0.560
	1014.328	-1.881	-1.586	0.270	2.433	0.547
	1015.328	-1.844	-1.618	0.201	2.433	0.534
	1016.328	-1.812	-1.648	0.137	2.433	0.523
	1017.328	-1.783	-1.677	0.080	2.433	0.512
	1018.328	-1.753	-1.705	0.021	2.433	0.502
	1019.328	-1.724	-1.728	-0.031	2.433	0.491
	1020.328	-1.696	-1.759	-0.089	2.433	0.481
	1021.328	-1.668	-1.793	-0.152	2.433	0.470
	1022.328	-1.636	-1.833	-0.224	2.433	0.459
	1023.328	-1.603	-1.864	-0.288	2.433	0.447
	1024.328	-1.565	-1.884	-0.346	2.433	0.434
	1025.328	-1.532	-1.923	-0.420	2.433	0.424
	1026.328	-1.487	-1.982	-0.523	2.433	0.409
	1027.328	-1.438	-2.043	-0.634	2.433	0.392
	1028.328	-1.395	-2.091	-0.725	2.433	0.376
	1029.328	-1.344	-2.137	-0.823	2.433	0.359
	1030.328	-1.292	-2.196	-0.935	2.433	0.340
	1031.328	-1.238	-2.239	-1.031	2.433	0.321
	1032.328	-1.182	-2.304	-1.153	2.433	0.301
	1033.328	-1.125	-2.352	-1.259	2.433	0.280
	1034.328	-1.066	-2.411	-1.376	2.433	0.259
	1035.328	-1.000	-2.490	-1.522	2.433	0.235
	1036.328	-0.931	-2.560	-1.661	2.433	0.210
	1037.328	-0.856	-2.635	-1.813	2.433	0.184
	1038.328	-0.776	-2.731	-1.989	2.433	0.156
	1039.328	-0.694	-2.800	-2.140	2.433	0.128
	1040.328	-0.610	-2.867	-2.291	2.433	0.098
	1041.328	-0.525	-2.969	-2.480	2.433	0.068
	1042.328	-0.436	-3.056	-2.658	2.433	0.036
	1043.328	-0.362	-3.125	-2.800	2.433	0.011
	1044.328	-0.362	-3.147	-2.822	2.433	0.011
	1045.328	-0.361	-3.172	-2.847	2.433	0.011
	1046.328	-0.361	-3.191	-2.866	2.433	0.011
	1047.328	-0.361	-3.200	-2.877	2.433	0.011
	1048.328	-0.361	-3.212	-2.889	2.433	0.011
	1049.328	-0.361	-3.222	-2.899	2.433	0.011
	1050.328	-0.360	-3.228	-2.905	2.433	0.011
	1051.328	-0.360	-3.234	-2.911	2.433	0.011
	1052.328	-0.360	-3.254	-2.931	2.433	0.011
	1053.328	-0.361	-3.260	-2.937	2.433	0.012
	1054.328	-0.360	-3.248	-2.926	2.433	0.012
	1055.328	-0.360	-3.248	-2.925	2.433	0.012
	1056.328	-0.360	-3.246	-2.924	2.433	0.012
	1057.328	-0.360	-3.249	-2.926	2.433	0.012
	1058.328	-0.360	-3.241	-2.919	2.433	0.012
	1059.328	-0.360	-3.226	-2.903	2.433	0.012
	1060.328	-0.360	-3.218	-2.895	2.433	0.013
	1061.328	-0.361	-3.201	-2.879	2.433	0.013
	1062.328	-0.360	-3.187	-2.865	2.433	0.013
	1063.328	-0.359	-3.175	-2.852	2.433	0.013
	1064.328	-0.360	-3.158	-2.835	2.433	0.013
	1065.328	-0.360	-3.145	-2.822	2.433	0.014
	1066.328	-0.429	-3.069	-2.678	2.433	0.035
	1067.328	-0.519	-2.985	-2.502	2.433	0.065
	1068.328	-0.607	-2.900	-2.328	2.433	0.095
	1069.328	-0.695	-2.818	-2.157	2.433	0.125
	1070.328	-0.753	-2.727	-2.008	2.433	0.147
	1071.328	-0.815	-2.664	-1.884	2.433	0.169
	1072.328	-0.907	-2.604	-1.730	2.433	0.200
	1073.328	-0.995	-2.532	-1.569	2.433	0.230
	1074.328	-1.072	-2.477	-1.437	2.433	0.256
	1075.328	-1.133	-2.415	-1.313	2.433	0.279
	1076.328	-1.190	-2.354	-1.195	2.433	0.299
	1077.328	-1.252	-2.281	-1.060	2.433	0.321
	1078.328	-1.315	-2.217	-0.933	2.433	0.342
	1079.328	-1.367	-2.159	-0.822	2.433	0.361
	1080.328	-1.418	-2.107	-0.718	2.433	0.379
	1081.328	-1.469	-2.048	-0.608	2.433	0.397
	1082.328	-1.516	-2.024	-0.537	2.433	0.412
	1083.328	-1.562	-1.967	-0.433	2.433	0.428
	1084.328	-1.602	-1.929	-0.354	2.433	0.442
	1085.328	-1.642	-1.887	-0.272	2.433	0.455
	1086.328	-1.679	-1.843	-0.190	2.433	0.468
	1087.328	-1.718	-1.805	-0.113	2.433	0.481
	1088.328	-1.753	-1.765	-0.038	2.433	0.493
	1089.328	-1.784	-1.728	0.031	2.433	0.503
	1090.328	-1.809	-1.697	0.086	2.433	0.513
	1091.328	-1.843	-1.681	0.137	2.433	0.523
	1092.328	-1.868	-1.642	0.201	2.433	0.533
	1093.328	-1.899	-1.623	0.252	2.433	0.543
	1094.328	-1.924	-1.592	0.308	2.433	0.552
	1095.328	-1.951	-1.563	0.363	2.433	0.561
	1096.328	-1.984	-1.538	0.421	2.433	0.571
	1097.328	-2.012	-1.508	0.480	2.433	0.582
	1098.328	-2.045	-1.477	0.543	2.433	0.593
	1099.328	-2.073	-1.444	0.606	2.433	0.603
	1100.328	-2.105	-1.405	0.677	2.433	0.615
	1101.328	-2.140	-1.377	0.740	2.433	0.627
	1102.328	-2.177	-1.337	0.817	2.433	0.640
	1103.328	-2.212	-1.303	0.887	2.433	0.654
	1104.328	-2.255	-1.261	0.971	2.433	0.668
	1105.328	-2.298	-1.216	1.061	2.433	0.684
	1106.328	-2.344	-1.167	1.156	2.433	0.700
	1107.328	-2.399	-1.119	1.258	2.433	0.717
	1108.328	-2.454	-1.066	1.367	2.433	0.735
	1109.328	-2.501	-1.007	1.473	2.433	0.752
	1110.328	-2.565	-0.954	1.591	2.433	0.772
	1111.328	-2.623	-0.895	1.707	2.433	0.791
	1112.328	-2.671	-0.824	1.829	2.433	0.812
	1113.328	-2.742	-0.766	1.957	2.433	0.833
	1114.328	-2.799	-0.702	2.078	2.433	0.853
	1115.328	-2.866	-0.635	2.213	2.433	0.875
	1116.328	-2.941	-0.557	2.367	2.433	0.901
	1117.328	-3.013	-0.476	2.520	2.433	0.927
	1118.328	-3.079	-0.396	2.667	2.433	0.953
	1119.328	-3.145	-0.315	2.815	2.433	0.979
	1120.328	-3.215	-0.238	2.962	2.434	1.005
	1121.328	-3.302	-0.162	3.126	2.433	1.031
	1122.328	-3.330	-0.154	3.162	2.433	1.040
	1123.328	-3.346	-0.153	3.180	2.433	1.047
	1124.328	-3.340	-0.149	3.177	2.433	1.052
	1125.328	-3.354	-0.145	3.197	2.433	1.058
	1126.328	-3.381	-0.148	3.220	2.434	1.064
	1127.328	-3.381	-0.149	3.219	2.433	1.066
	1128.328	-3.415	-0.148	3.254	2.433	1.069
	1129.328	-3.404	-0.149	3.241	2.434	0.427
	1130.328	-3.420	-0.152	3.255	2.433	1.187
	1131.328	-3.409	-0.151	3.245	2.434	1.189
	1132.328	-3.419	-0.152	3.253	2.434	1.191
	1133.328	-3.411	-0.151	3.246	2.434	1.191
	1134.328	-3.420	-0.151	3.255	2.434	1.191
	1135.328	-3.420	-0.151	3.255	2.434	1.191
	1136.328	-3.414	-0.151	3.251	2.434	1.190
	1137.328	-3.402	-0.150	3.239	2.434	1.188
	1138.328	-3.395	-0.149	3.232	2.434	1.185
	1139.328	-3.390	-0.149	3.229	2.434	1.182
	1140.328	-3.377	-0.147	3.217	2.434	1.178
	1141.328	-3.368	-0.147	3.207	2.434	1.174
	1142.328	-3.361	-0.147	3.201	2.434	1.169
	1143.328	-3.358	-0.147	3.197	2.434	1.163
	1144.328	-3.368	-0.145	3.210	2.434	1.160
	1145.328	-3.326	-0.143	3.169	2.434	1.154
	1146.328	-3.318	-0.143	3.160	2.434	1.146
	1147.328	-3.264	-0.183	3.067	2.434	1.142
	1148.328	-3.187	-0.252	2.920	2.434	1.143
	1149.328	-3.120	-0.335	2.769	2.434	1.144
	1150.328	-3.048	-0.416	2.616	2.434	1.145
	1151.328	-2.965	-0.500	2.449	2.434	1.147
	1152.328	-2.885	-0.584	2.284	2.434	1.149
	1153.328	-2.833	-0.645	2.171	2.434	1.149
	1154.328	-2.768	-0.717	2.033	2.434	1.151
	1155.328	-2.705	-0.782	1.905	2.434	1.152
	1156.328	-2.641	-0.848	1.774	2.434	1.153
	1157.328	-2.589	-0.907	1.662	2.434	1.154
	1158.328	-2.530	-0.968	1.541	2.434	1.155
	1159.328	-2.468	-1.029	1.418	2.434	1.156
	1160.328	-2.423	-1.079	1.323	2.434	1.156
	1161.328	-2.366	-1.135	1.211	2.434	1.157
	1162.328	-2.319	-1.183	1.115	2.434	1.157
	1163.328	-2.282	-1.224	1.036	2.434	1.157
	1164.328	-2.226	-1.279	0.925	2.433	1.157
	1165.328	-2.180	-1.327	0.830	2.434	1.156
	1166.328	-2.141	-1.368	0.750	2.434	1.156
	1167.328	-2.112	-1.398	0.692	2.434	1.155
	1168.328	-2.073	-1.436	0.614	2.434	1.155
	1169.328	-2.042	-1.470	0.549	2.434	1.154
	1170.328	-2.012	-1.497	0.491	2.434	1.153
	1171.344	-1.977	-1.530	0.422	2.434	1.152
	1172.344	-1.953	-1.555	0.375	2.434	1.152
	1173.344	-1.930	-1.574	0.331	2.434	1.151
	1174.344	-1.898	-1.607	0.266	2.434	1.151
	1175.344	-1.873	-1.632	0.215	2.434	1.150
	1176.344	-1.841	-1.665	0.150	2.434	1.150
	1177.344	-1.820	-1.685	0.109	2.434	1.150
	1178.344	-1.802	-1.706	0.070	2.434	1.150
	1179.344	-1.778	-1.727	0.024	2.434	1.149
	1180.344	-1.754	-1.755	-0.026	2.434	1.150
	1181.344	-1.728	-1.778	-0.076	2.434	1.150
	1182.344	-1.699	-1.808	-0.135	2.434	1.150
	1183.344	-1.671	-1.838	-0.194	2.434	1.150
	1184.344	-1.649	-1.865	-0.242	2.434	1.151
	1185.344	-1.615	-1.893	-0.305	2.434	1.151
	1186.344	-1.588	-1.923	-0.363	2.434	1.152
	1187.344	-1.551	-1.963	-0.440	2.434	1.152
	1188.344	-1.511	-2.011	-0.529	2.434	1.153
	1189.344	-1.477	-2.049	-0.600	2.434	1.153
	1190.344	-1.444	-2.091	-0.676	2.434	1.154
	1191.344	-1.408	-2.140	-0.761	2.434	1.155
	1192.344	-1.369	-2.183	-0.844	2.434	1.155
	1193.344	-1.328	-2.230	-0.932	2.434	1.156
	1194.344	-1.285	-2.277	-1.022	2.434	1.156
	1195.344	-1.238	-2.334	-1.126	2.434	1.156
	1196.344	-1.193	-2.374	-1.212	2.434	1.156
	1197.344	-1.145	-2.444	-1.330	2.434	1.156
	1198.344	-1.092	-2.479	-1.418	2.434	1.156
	1199.344	-1.041	-2.515	-1.506	2.434	1.156
	1200.344	-0.987	-2.591	-1.637	2.434	1.155
	1201.344	-0.930	-2.628	-1.731	2.434	1.155
	1202.344	-0.880	-2.677	-1.830	2.434	1.154
	1203.344	-0.823	-2.740	-1.950	2.434	1.154
	1204.344	-0.758	-2.804	-2.080	2.434	1.153
	1205.344	-0.691	-2.866	-2.210	2.434	1.152
	1206.344	-0.623	-2.948	-2.359	2.434	1.151
	1207.344	-0.555	-3.029	-2.510	2.434	1.150
	1208.344	-0.485	-3.074	-2.625	2.434	1.149
	1209.344	-0.414	-3.144	-2.766	2.434	1.148
	1210.344	-0.363	-3.198	-2.873	2.434	1.150
	1211.344	-0.362	-3.229	-2.904	2.434	1.156
	1212.344	-0.362	-3.235	-2.910	2.434	1.162
	1213.344	-0.362	-3.265	-2.940	2.434	1.168
	1214.344	-0.362	-3.266	-2.942	2.434	1.173
	1215.344	-0.362	-3.292	-2.967	2.434	1.177
	1216.344	-0.362	-3.323	-2.999	2.434	1.181
	1217.344	-0.362	-3.341	-3.016	2.434	1.185
	1218.344	-0.362	-3.349	-3.025	2.434	1.188
	1219.344	-0.362	-3.364	-3.040	2.434	1.190
	1220.344	-0.362	-3.357	-3.033	2.434	1.192
	1221.344	-0.361	-3.369	-3.045	2.434	1.194
	1222.344	-0.361	-3.384	-3.061	2.434	1.195
	1223.344	-0.361	-3.399	-3.075	2.434	1.195
	1224.344	-0.361	-3.399	-3.076	2.434	1.195
	1225.344	-0.361	-3.385	-3.062	2.434	1.195
	1226.344	-0.361	-3.374	-3.051	2.434	1.194
	1227.344	-0.361	-3.377	-3.054	2.434	1.192
	1228.344	-0.361	-3.385	-3.062	2.434	1.190
	1229.344	-0.361	-3.374	-3.051	2.434	1.188
	1230.344	-0.360	-3.356	-3.034	2.434	1.185
	1231.344	-0.360	-3.334	-3.011	2.434	1.181
	1232.344	-0.360	-3.328	-3.005	2.434	1.177
	1233.344	-0.360	-3.305	-2.982	2.434	1.173
	1234.344	-0.360	-3.292	-2.970	2.434	1.168
	1235.344	-0.360	-3.278	-2.956	2.434	1.162
	1236.344	-0.360	-3.263	-2.940	2.434	1.156
	1237.344	-0.360	-3.245	-2.923	2.434	1.150
	1238.344	-0.378	-3.219	-2.878	2.434	1.146
	1239.344	-0.445	-3.155	-2.746	2.434	1.146
	1240.344	-0.522	-3.074	-2.587	2.434	1.147
	1241.344	-0.594	-3.004	-2.446	2.434	1.148
	1242.344	-0.663	-2.939	-2.310	2.434	1.149
	1243.344	-0.731	-2.872	-2.175	2.434	1.151
	1244.344	-0.798	-2.809	-2.044	2.434	1.152
	1245.344	-0.859	-2.750	-1.924	2.434	1.153
	1246.344	-0.917	-2.699	-1.814	2.434	1.154
	1247.344	-0.978	-2.639	-1.694	2.434	1.155
	1248.344	-1.029	-2.595	-1.599	2.434	1.156
	1249.344	-1.080	-2.539	-1.491	2.434	1.156
	1250.344	-1.133	-2.484	-1.381	2.434	1.157
	1251.344	-1.184	-2.433	-1.279	2.434	1.158
	1252.344	-1.237	-2.371	-1.164	2.434	1.158
	1253.344	-1.284	-2.325	-1.072	2.434	1.159
	1254.344	-1.328	-2.276	-0.978	2.434	1.159
	1255.344	-1.375	-2.221	-0.875	2.434	1.159
	1256.344	-1.432	-2.162	-0.759	2.434	1.160
	1257.344	-1.469	-2.121	-0.681	2.434	1.159
	1258.344	-1.503	-2.085	-0.610	2.434	1.159
	1259.344	-1.546	-2.035	-0.518	2.434	1.158
	1260.344	-1.581	-2.002	-0.449	2.434	1.158
	1261.344	-1.616	-1.972	-0.384	2.434	1.157
	1262.344	-1.648	-1.939	-0.319	2.434	1.157
	1263.344	-1.673	-1.914	-0.268	2.434	1.156
	1264.344	-1.704	-1.882	-0.205	2.434	1.155
	1265.344	-1.729	-1.853	-0.151	2.434	1.155
	1266.344	-1.757	-1.821	-0.089	2.434	1.154
	1267.344	-1.784	-1.785	-0.028	2.434	1.154
	1268.344	-1.808	-1.754	0.028	2.434	1.153
	1269.344	-1.833	-1.738	0.069	2.434	1.153
	1270.344	-1.854	-1.720	0.109	2.434	1.153
	1271.344	-1.872	-1.702	0.145	2.434	1.152
	1272.344	-1.899	-1.667	0.206	2.434	1.152
	1273.344	-1.918	-1.647	0.246	2.434	1.152
	1274.344	-1.937	-1.627	0.286	2.434	1.152
	1275.344	-1.946	-1.615	0.306	2.434	1.152
	1276.344	-1.969	-1.591	0.353	2.434	1.152
	1277.344	-1.994	-1.564	0.406	2.434	1.152
	1278.344	-2.016	-1.548	0.445	2.434	1.152
	1279.344	-2.038	-1.526	0.488	2.434	1.153
	1280.344	-2.064	-1.500	0.541	2.434	1.153
	1281.344	-2.083	-1.476	0.583	2.434	1.153
	1282.344	-2.109	-1.448	0.637	2.434	1.154
	1283.344	-2.137	-1.423	0.691	2.434	1.154
	1284.344	-2.167	-1.391	0.752	2.434	1.155
	1285.344	-2.195	-1.361	0.811	2.434	1.155
	1286.344	-2.224	-1.323	0.879	2.434	1.156
	1287.344	-2.262	-1.283	0.956	2.434	1.156
	1288.344	-2.298	-1.248	1.028	2.434	1.157
	1289.344	-2.333	-1.205	1.107	2.434	1.157
	1290.344	-2.380	-1.169	1.189	2.434	1.157
	1291.344	-2.424	-1.127	1.276	2.434	1.158
	1292.344	-2.462	-1.082	1.359	2.434	1.158
	1293.344	-2.505	-1.040	1.445	2.434	1.158
	1294.344	-2.548	-0.998	1.530	2.434	1.158
	1295.344	-2.589	-0.950	1.619	2.434	1.158
	1296.344	-2.634	-0.904	1.711	2.434	1.158
	1297.344	-2.680	-0.857	1.805	2.434	1.158
	1298.344	-2.728	-0.808	1.901	2.434	1.157
	1299.344	-2.771	-0.759	1.993	2.434	1.156
	1300.344	-2.824	-0.705	2.101	2.434	1.156
	1301.344	-2.875	-0.655	2.203	2.434	1.155
	1302.344	-2.930	-0.598	2.315	2.434	1.154
	1303.344	-2.986	-0.540	2.430	2.434	1.153
	1304.344	-3.042	-0.483	2.544	2.434	1.152
	1305.344	-3.099	-0.426	2.657	2.434	1.151
	1306.344	-3.150	-0.366	2.768	2.434	1.150
	1307.344	-3.190	-0.315	2.860	2.434	1.150
	1308.344	-3.244	-0.256	2.972	2.434	1.150
	1309.344	-3.296	-0.202	3.081	2.434	1.149
	1310.344	-3.331	-0.161	3.156	2.434	1.149
	1311.344	-3.348	-0.161	3.173	2.434	1.155
	1312.344	-3.374	-0.160	3.200	2.434	1.161
	1313.344	-3.389	-0.159	3.216	2.434	1.166
	1314.344	-3.392	-0.158	3.221	2.434	1.170
	1315.344	-3.399	-0.157	3.229	2.434	1.174
	1316.344	-3.409	-0.156	3.239	2.434	1.178
	1317.344	-3.424	-0.157	3.255	2.434	1.182
	1318.344	-3.430	-0.156	3.261	2.434	1.185
	1319.344	-3.436	-0.155	3.268	2.434	1.187
	1320.344	-3.443	-0.155	3.275	2.434	1.190
	1321.344	-3.449	-0.154	3.282	2.434	1.191
	1322.344	-3.455	-0.154	3.288	2.434	1.193
	1323.375	-3.461	-0.153	3.294	2.434	1.194
	1324.375	-3.470	-0.152	3.304	2.434	1.195
	1325.375	-3.473	-0.152	3.309	2.434	1.195
	1326.375	-3.467	-0.152	3.302	2.434	1.195
	1327.375	-3.470	-0.152	3.306	2.434	1.195
	1328.375	-3.478	-0.151	3.314	2.434	1.194
	1329.375	-3.480	-0.151	3.317	2.434	1.193
	1330.375	-3.476	-0.151	3.313	2.434	1.191
	1331.375	-3.473	-0.150	3.310	2.434	1.190
	1332.375	-3.466	-0.150	3.303	2.434	1.187
	1333.375	-3.456	-0.149	3.295	2.434	1.184
	1334.375	-3.450	-0.148	3.289	2.434	1.181
	1335.375	-3.442	-0.148	3.281	2.434	1.178
	1336.375	-3.433	-0.148	3.272	2.434	1.174
	1337.375	-3.418	-0.147	3.258	2.434	1.170
	1338.375	-3.404	-0.146	3.245	2.434	1.166
	1339.375	-3.395	-0.146	3.236	2.434	1.161
	1340.375	-3.373	-0.146	3.214	2.434	1.155
	1341.375	-3.349	-0.145	3.191	2.434	1.150
	1342.375	-3.315	-0.168	3.134	2.434	1.146
	1343.375	-3.259	-0.231	3.014	2.434	1.147
	1344.375	-3.200	-0.293	2.893	2.434	1.148
	1345.375	-3.143	-0.354	2.773	2.434	1.149
	1346.375	-3.093	-0.408	2.671	2.434	1.149
	1347.375	-3.034	-0.472	2.545	2.434	1.151
	1348.375	-2.976	-0.537	2.423	2.434	1.152
	1349.375	-2.922	-0.594	2.310	2.434	1.153
	1350.375	-2.881	-0.646	2.217	2.434	1.154
	1351.375	-2.824	-0.705	2.101	2.434	1.155
	1352.375	-2.774	-0.758	1.998	2.434	1.156
	1353.375	-2.732	-0.807	1.906	2.434	1.157
	1354.375	-2.683	-0.859	1.805	2.434	1.158
	1355.375	-2.632	-0.911	1.702	2.434	1.159
	1356.375	-2.595	-0.954	1.621	2.434	1.159
	1357.375	-2.556	-0.999	1.536	2.434	1.160
	1358.375	-2.518	-1.039	1.459	2.434	1.160
	1359.375	-2.482	-1.074	1.387	2.434	1.160
	1360.375	-2.438	-1.120	1.297	2.434	1.161
	1361.375	-2.400	-1.158	1.221	2.434	1.161
	1362.375	-2.368	-1.191	1.156	2.434	1.161
	1363.375	-2.331	-1.225	1.084	2.434	1.160
	1364.375	-2.295	-1.261	1.013	2.434	1.160
	1365.375	-2.255	-1.296	0.937	2.434	1.160
	1366.375	-2.229	-1.327	0.880	2.434	1.160
	1367.375	-2.201	-1.362	0.816	2.434	1.159
	1368.375	-2.168	-1.388	0.757	2.434	1.159
	1369.375	-2.135	-1.421	0.691	2.434	1.158
	1370.375	-2.102	-1.451	0.628	2.434	1.158
	1371.375	-2.083	-1.473	0.586	2.434	1.157
	1372.375	-2.054	-1.501	0.529	2.434	1.157
	1373.375	-2.020	-1.533	0.463	2.434	1.156
	1374.375	-2.005	-1.553	0.429	2.434	1.156
	1375.375	-1.975	-1.587	0.363	2.434	1.155
	1376.375	-1.950	-1.611	0.314	2.434	1.155
	1377.375	-1.929	-1.636	0.268	2.434	1.154
	1378.375	-1.905	-1.660	0.220	2.434	1.154
	1379.375	-1.883	-1.686	0.170	2.434	1.154
	1380.375	-1.862	-1.704	0.132	2.434	1.154
	1381.375	-1.844	-1.722	0.097	2.434	1.154
	1382.375	-1.827	-1.740	0.060	2.434	1.153
	1383.375	-1.808	-1.761	0.021	2.434	1.153
	1384.375	-1.785	-1.780	-0.020	2.434	1.153
	1385.375	-1.766	-1.798	-0.058	2.434	1.153
	1386.375	-1.753	-1.814	-0.087	2.434	1.153
	1387.375	-1.741	-1.827	-0.112	2.434	1.154
	1388.375	-1.721	-1.850	-0.154	2.434	1.154
	1389.375	-1.704	-1.870	-0.193	2.434	1.154
	1390.375	-1.681	-1.894	-0.240	2.434	1.154
	1391.375	-1.664	-1.907	-0.271	2.434	1.155
	1392.375	-1.643	-1.923	-0.308	2.434	1.155
	1393.375	-1.617	-1.953	-0.364	2.434	1.156
	1394.375	-1.591	-1.978	-0.414	2.434	1.156
	1395.375	-1.570	-2.001	-0.459	2.434	1.157
	1396.375	-1.546	-2.024	-0.506	2.434	1.157
	1397.375	-1.518	-2.051	-0.561	2.434	1.158
	1398.375	-1.493	-2.083	-0.619	2.434	1.158
	1399.375	-1.461	-2.116	-0.683	2.434	1.159
	1400.375	-1.434	-2.148	-0.743	2.434	1.159
	1401.375	-1.401	-2.183	-0.810	2.434	1.160
	1402.375	-1.369	-2.219	-0.880	2.434	1.160
	1403.375	-1.330	-2.260	-0.960	2.434	1.160
	1404.375	-1.293	-2.299	-1.036	2.434	1.160
	1405.375	-1.256	-2.337	-1.111	2.434	1.160
	1406.375	-1.218	-2.377	-1.189	2.434	1.160
	1407.375	-1.180	-2.418	-1.269	2.434	1.160
	1408.375	-1.147	-2.452	-1.336	2.434	1.160
	1409.375	-1.104	-2.498	-1.425	2.434	1.160
	1410.375	-1.062	-2.542	-1.511	2.434	1.160
	1411.375	-1.018	-2.590	-1.604	2.434	1.159
	1412.375	-0.972	-2.643	-1.703	2.434	1.159
	1413.375	-0.924	-2.700	-1.810	2.434	1.158
	1414.375	-0.877	-2.747	-1.903	2.434	1.157
	1415.375	-0.830	-2.793	-1.997	2.434	1.156
	1416.375	-0.781	-2.841	-2.093	2.434	1.156
	1417.375	-0.730	-2.897	-2.202	2.434	1.155
	1418.375	-0.678	-2.944	-2.300	2.434	1.154
	1419.375	-0.626	-2.997	-2.406	2.434	1.153
	1420.375	-0.573	-3.047	-2.510	2.434	1.153
	1421.375	-0.521	-3.094	-2.609	2.434	1.152
	1422.375	-0.473	-3.134	-2.698	2.434	1.152
	1423.375	-0.413	-3.194	-2.818	2.434	1.151
	1424.375	-0.366	-3.242	-2.913	2.434	1.151
	1425.375	-0.363	-3.280	-2.954	2.434	1.156
	1426.375	-0.364	-3.285	-2.959	2.434	1.161
	1427.375	-0.362	-3.304	-2.979	2.434	1.165
	1428.375	-0.362	-3.305	-2.980	2.434	1.169
	1429.375	-0.362	-3.306	-2.980	2.434	1.173
	1430.375	-0.363	-3.325	-3.000	2.434	1.177
	1431.375	-0.362	-3.347	-3.022	2.434	1.180
	1432.375	-0.363	-3.356	-3.031	2.434	1.183
	1433.375	-0.363	-3.369	-3.044	2.434	1.186
	1434.375	-0.362	-3.372	-3.048	2.434	1.189
	1435.375	-0.362	-3.371	-3.047	2.434	1.191
	1436.375	-0.362	-3.361	-3.036	2.434	1.193
	1437.375	-0.362	-3.356	-3.032	2.434	1.195
	1438.375	-0.362	-3.364	-3.040	2.434	1.196
	1439.375	-0.362	-3.381	-3.057	2.434	1.197
	1440.375	-0.362	-3.395	-3.071	2.434	1.198
	1441.375	-0.362	-3.420	-3.096	2.434	1.198
	1442.375	-0.362	-3.422	-3.098	2.434	1.198
	1443.375	-0.361	-3.416	-3.092	2.434	1.198
	1444.375	-0.361	-3.408	-3.085	2.434	1.198
	1445.375	-0.361	-3.400	-3.077	2.434	1.197
	1446.375	-0.361	-3.417	-3.094	2.434	1.196
	1447.375	-0.362	-3.415	-3.092	2.434	1.195
	1448.375	-0.361	-3.411	-3.088	2.434	1.193
	1449.375	-0.361	-3.410	-3.086	2.434	1.191
	1450.375	-0.361	-3.404	-3.081	2.434	1.189
	1451.375	-0.361	-3.384	-3.060	2.434	1.187
	1452.375	-0.361	-3.362	-3.039	2.434	1.184
	1453.375	-0.360	-3.343	-3.019	2.434	1.181
	1454.375	-0.360	-3.335	-3.012	2.434	1.178
	1455.375	-0.361	-3.329	-3.006	2.434	1.175
	1456.375	-0.360	-3.325	-3.002	2.434	1.171
	1457.375	-0.361	-3.312	-2.989	2.434	1.167
	1458.375	-0.361	-3.307	-2.983	2.434	1.163
	1459.375	-0.361	-3.290	-2.967	2.434	1.158
	1460.375	-0.360	-3.289	-2.966	2.434	1.154
	1461.375	-0.361	-3.261	-2.938	2.434	1.149
	1462.375	-0.383	-3.231	-2.885	2.434	1.146
	1463.375	-0.441	-3.183	-2.778	2.434	1.147
	1464.375	-0.493	-3.148	-2.692	2.434	1.147
	1465.375	-0.548	-3.083	-2.571	2.434	1.149
	1466.375	-0.605	-3.019	-2.450	2.434	1.150
	1467.375	-0.662	-2.959	-2.332	2.434	1.151
	1468.375	-0.720	-2.902	-2.217	2.434	1.153
	1469.375	-0.767	-2.866	-2.133	2.434	1.153
	1470.375	-0.813	-2.820	-2.040	2.434	1.154
	1471.375	-0.859	-2.778	-1.953	2.434	1.155
	1472.375	-0.916	-2.718	-1.835	2.434	1.156
	1473.375	-0.958	-2.689	-1.764	2.434	1.157
	1474.375	-1.004	-2.636	-1.665	2.434	1.158
	1475.375	-1.052	-2.587	-1.567	2.434	1.159
	1476.375	-1.093	-2.545	-1.484	2.434	1.160
	1477.375	-1.133	-2.513	-1.412	2.434	1.160
	1478.375	-1.173	-2.466	-1.324	2.434	1.161
	1479.375	-1.208	-2.430	-1.252	2.434	1.161
	1480.375	-1.252	-2.389	-1.168	2.434	1.162
	1481.375	-1.288	-2.354	-1.095	2.434	1.162
	1482.375	-1.321	-2.314	-1.022	2.434	1.162
	1483.375	-1.353	-2.280	-0.956	2.434	1.162
	1484.375	-1.390	-2.245	-0.885	2.434	1.162
	1485.375	-1.423	-2.204	-0.810	2.434	1.163
	1486.375	-1.454	-2.173	-0.748	2.434	1.162
	1487.375	-1.483	-2.141	-0.686	2.434	1.162
	1488.375	-1.508	-2.119	-0.639	2.434	1.162
	1489.375	-1.533	-2.089	-0.585	2.434	1.161
	1490.375	-1.557	-2.063	-0.534	2.434	1.161
	1491.375	-1.580	-2.041	-0.489	2.434	1.161
	1492.375	-1.598	-2.018	-0.448	2.434	1.160
	1493.375	-1.623	-1.993	-0.397	2.434	1.160
	1494.375	-1.644	-1.970	-0.354	2.434	1.159
	1495.375	-1.666	-1.948	-0.309	2.434	1.159
	1496.375	-1.688	-1.926	-0.265	2.434	1.158
	1497.375	-1.707	-1.901	-0.220	2.434	1.158
	1498.375	-1.730	-1.873	-0.170	2.434	1.157
	1499.375	-1.748	-1.860	-0.138	2.434	1.157
	1500.375	-1.768	-1.835	-0.093	2.434	1.157
	1501.375	-1.786	-1.811	-0.051	2.434	1.156
	1502.375	-1.804	-1.796	-0.018	2.434	1.156
	1503.375	-1.822	-1.777	0.019	2.434	1.156
	1504.375	-1.840	-1.757	0.058	2.434	1.155
	1505.375	-1.860	-1.738	0.097	2.434	1.155
	1506.375	-1.873	-1.725	0.123	2.434	1.155
	1507.375	-1.894	-1.703	0.166	2.434	1.155
	1508.391	-1.912	-1.677	0.210	2.434	1.155
	1509.391	-1.932	-1.663	0.244	2.434	1.155
	1510.391	-1.935	-1.660	0.251	2.434	1.155
	1511.391	-1.958	-1.635	0.298	2.434	1.155
	1512.391	-1.973	-1.621	0.327	2.434	1.155
	1513.391	-1.986	-1.607	0.354	2.434	1.155
	1514.391	-2.008	-1.582	0.402	2.434	1.155
	1515.391	-2.037	-1.556	0.456	2.434	1.155
	1516.391	-2.057	-1.538	0.495	2.434	1.155
	1517.391	-2.075	-1.522	0.530	2.434	1.156
	1518.391	-2.083	-1.510	0.550	2.434	1.156
	1519.391	-2.102	-1.490	0.589	2.434	1.156
	1520.391	-2.128	-1.465	0.640	2.434	1.156
	1521.391	-2.152	-1.441	0.688	2.434	1.157
	1522.391	-2.172	-1.414	0.736	2.434	1.157
	1523.391	-2.192	-1.391	0.778	2.434	1.158
	1524.391	-2.211	-1.380	0.809	2.434	1.158
	1525.391	-2.236	-1.350	0.864	2.434	1.159
	1526.391	-2.257	-1.336	0.898	2.434	1.159
	1527.391	-2.274	-1.325	0.926	2.434	1.160
	1528.391	-2.312	-1.285	1.005	2.434	1.160
	1529.391	-2.342	-1.260	1.061	2.434	1.160
	1530.391	-2.368	-1.238	1.109	2.434	1.161
	1531.391	-2.390	-1.215	1.154	2.434	1.161
	1532.391	-2.411	-1.192	1.197	2.434	1.162
	1533.391	-2.435	-1.165	1.249	2.434	1.162
	1534.391	-2.480	-1.124	1.335	2.434	1.162
	1535.391	-2.513	-1.091	1.401	2.434	1.162
	1536.391	-2.529	-1.071	1.438	2.434	1.162
	1537.391	-2.552	-1.042	1.490	2.434	1.163
	1538.391	-2.589	-1.006	1.564	2.434	1.162
	1539.391	-2.620	-0.973	1.627	2.434	1.162
	1540.391	-2.647	-0.938	1.690	2.434	1.162
	1541.391	-2.683	-0.895	1.769	2.434	1.162
	1542.391	-2.716	-0.855	1.842	2.434	1.161
	1543.391	-2.759	-0.817	1.923	2.434	1.161
	1544.391	-2.794	-0.779	1.997	2.434	1.161
	1545.391	-2.822	-0.744	2.059	2.434	1.160
	1546.391	-2.863	-0.706	2.139	2.434	1.160
	1547.391	-2.903	-0.660	2.227	2.434	1.159
	1548.391	-2.941	-0.617	2.307	2.434	1.159
	1549.391	-3.001	-0.561	2.424	2.434	1.157
	1550.391	-3.043	-0.516	2.511	2.434	1.156
	1551.391	-3.081	-0.474	2.591	2.434	1.156
	1552.391	-3.132	-0.425	2.692	2.434	1.155
	1553.391	-3.177	-0.379	2.784	2.434	1.154
	1554.391	-3.214	-0.333	2.867	2.434	1.154
	1555.391	-3.262	-0.287	2.960	2.434	1.153
	1556.391	-3.275	-0.257	3.005	2.434	1.154
	1557.391	-3.321	-0.211	3.097	2.434	1.153
	1558.391	-3.370	-0.167	3.189	2.434	1.151
	1559.391	-3.388	-0.163	3.212	2.434	1.155
	1560.391	-3.407	-0.162	3.231	2.434	1.159
	1561.391	-3.418	-0.161	3.243	2.434	1.163
	1562.391	-3.427	-0.161	3.253	2.434	1.167
	1563.391	-3.433	-0.160	3.260	2.434	1.171
	1564.391	-3.445	-0.160	3.273	2.434	1.174
	1565.391	-3.456	-0.160	3.285	2.434	1.177
	1566.391	-3.460	-0.158	3.289	2.434	1.180
	1567.391	-3.473	-0.158	3.302	2.434	1.183
	1568.391	-3.481	-0.158	3.310	2.434	1.185
	1569.391	-3.485	-0.157	3.316	2.434	1.187
	1570.391	-3.480	-0.156	3.312	2.434	1.189
	1571.391	-3.495	-0.156	3.327	2.434	1.191
	1572.391	-3.489	-0.155	3.322	2.434	1.193
	1573.391	-3.501	-0.155	3.333	2.434	1.194
	1574.391	-3.505	-0.154	3.338	2.434	1.196
	1575.391	-3.500	-0.153	3.334	2.434	1.197
	1576.391	-3.508	-0.153	3.342	2.434	1.198
	1577.391	-3.509	-0.153	3.344	2.434	1.198
	1578.391	-3.503	-0.153	3.337	2.434	1.199
	1579.391	-3.507	-0.152	3.342	2.434	1.199
	1580.391	-3.511	-0.152	3.346	2.434	1.199
	1581.391	-3.498	-0.151	3.335	2.434	1.199
	1582.391	-3.510	-0.151	3.346	2.434	1.198
	1583.391	-3.512	-0.151	3.349	2.434	1.198
	1584.391	-3.495	-0.150	3.331	2.434	1.197
	1585.391	-3.492	-0.150	3.329	2.434	1.196
	1586.391	-3.489	-0.150	3.327	2.434	1.195
	1587.391	-3.485	-0.150	3.322	2.434	1.194
	1588.391	-3.482	-0.150	3.320	2.434	1.192
	1589.391	-3.476	-0.150	3.314	2.434	1.191
	1590.391	-3.471	-0.149	3.309	2.434	1.189
	1591.391	-3.465	-0.149	3.303	2.434	1.187
	1592.391	-3.459	-0.148	3.298	2.434	1.184
	1593.391	-3.451	-0.148	3.290	2.434	1.182
	1594.391	-3.450	-0.148	3.289	2.434	1.179
	1595.391	-3.442	-0.148	3.281	2.434	1.176
	1596.391	-3.431	-0.147	3.270	2.434	1.173
	1597.391	-3.424	-0.147	3.264	2.434	1.170
	1598.391	-3.421	-0.147	3.261	2.434	1.167
	1599.391	-3.406	-0.147	3.246	2.434	1.163
	1600.391	-3.401	-0.147	3.240	2.434	1.160
	1601.391	-3.384	-0.146	3.225	2.434	1.156
	1602.391	-3.371	-0.146	3.212	2.434	1.152
	1603.391	-3.364	-0.149	3.202	2.434	1.148
	1604.391	-3.336	-0.190	3.133	2.434	1.148
	1605.391	-3.278	-0.240	3.025	2.434	1.149
	1606.391	-3.241	-0.283	2.944	2.434	1.149
	1607.391	-3.213	-0.322	2.876	2.434	1.150
	1608.391	-3.182	-0.360	2.807	2.434	1.150
	1609.391	-3.143	-0.403	2.724	2.434	1.150
	1610.391	-3.087	-0.456	2.616	2.434	1.152
	1611.391	-3.054	-0.496	2.542	2.434	1.152
	1612.391	-3.026	-0.530	2.480	2.434	1.152
	1613.391	-2.986	-0.574	2.395	2.434	1.153
	1614.391	-2.947	-0.615	2.314	2.434	1.154
	1615.391	-2.912	-0.655	2.240	2.434	1.155
	1616.391	-2.876	-0.694	2.164	2.434	1.155
	1617.391	-2.840	-0.732	2.090	2.434	1.156
	1618.391	-2.799	-0.772	2.009	2.434	1.157
	1619.391	-2.745	-0.821	1.906	2.434	1.158
	1620.391	-2.709	-0.859	1.831	2.434	1.159
	1621.391	-2.681	-0.890	1.772	2.434	1.159
	1622.391	-2.653	-0.922	1.712	2.434	1.160
	1623.391	-2.619	-0.957	1.642	2.434	1.160
	1624.391	-2.597	-0.983	1.594	2.434	1.161
	1625.391	-2.553	-1.026	1.507	2.434	1.161
	1626.391	-2.536	-1.050	1.466	2.434	1.161
	1627.391	-2.499	-1.084	1.394	2.434	1.162
	1628.391	-2.465	-1.112	1.333	2.434	1.162
	1629.391	-2.446	-1.132	1.293	2.434	1.162
	1630.391	-2.416	-1.164	1.231	2.434	1.162
	1631.391	-2.383	-1.193	1.169	2.434	1.162
	1632.391	-2.347	-1.234	1.091	2.434	1.163
	1633.391	-2.334	-1.248	1.064	2.434	1.162
	1634.391	-2.318	-1.265	1.031	2.434	1.162
	1635.391	-2.295	-1.287	0.986	2.434	1.162
	1636.391	-2.261	-1.317	0.921	2.434	1.162
	1637.391	-2.240	-1.344	0.873	2.434	1.161
	1638.391	-2.207	-1.379	0.806	2.434	1.161
	1639.391	-2.188	-1.394	0.771	2.434	1.161
	1640.391	-2.174	-1.413	0.739	2.434	1.160
	1641.391	-2.147	-1.442	0.682	2.434	1.160
	1642.391	-2.121	-1.467	0.631	2.434	1.160
	1643.391	-2.101	-1.489	0.589	2.434	1.160
	1644.391	-2.088	-1.510	0.555	2.434	1.159
	1645.391	-2.069	-1.528	0.517	2.434	1.159
	1646.391	-2.058	-1.540	0.494	2.434	1.159
	1647.391	-2.037	-1.559	0.453	2.434	1.158
	1648.391	-2.016	-1.579	0.413	2.434	1.158
	1649.391	-2.000	-1.596	0.379	2.434	1.157
	1650.391	-1.978	-1.614	0.339	2.434	1.157
	1651.391	-1.967	-1.630	0.313	2.434	1.157
	1652.391	-1.955	-1.642	0.289	2.434	1.157
	1653.391	-1.938	-1.655	0.259	2.434	1.156
	1654.391	-1.919	-1.673	0.221	2.434	1.156
	1655.391	-1.908	-1.687	0.197	2.434	1.156
	1656.391	-1.906	-1.691	0.190	2.434	1.156
	1657.391	-1.893	-1.703	0.164	2.434	1.156
	1658.391	-1.876	-1.721	0.131	2.434	1.155
	1659.391	-1.868	-1.728	0.114	2.434	1.155
	1660.391	-1.852	-1.743	0.084	2.434	1.155
	1661.391	-1.841	-1.754	0.061	2.434	1.155
	1662.391	-1.825	-1.767	0.032	2.434	1.155
	1663.391	-1.809	-1.766	0.018	2.434	1.155
	1664.391	-1.796	-1.787	-0.017	2.434	1.155
	1665.391	-1.785	-1.813	-0.055	2.434	1.155
	1666.391	-1.774	-1.823	-0.075	2.434	1.155
	1667.391	-1.762	-1.835	-0.099	2.434	1.155
	1668.391	-1.748	-1.850	-0.129	2.434	1.156
	1669.391	-1.722	-1.869	-0.174	2.434	1.155
	1670.391	-1.705	-1.859	-0.179	2.434	1.155
	1671.391	-1.708	-1.869	-0.188	2.434	1.156
	1672.391	-1.696	-1.890	-0.221	2.434	1.156
	1673.391	-1.678	-1.916	-0.264	2.434	1.157
	1674.391	-1.655	-1.935	-0.307	2.434	1.157
	1675.391	-1.645	-1.952	-0.334	2.434	1.157
	1676.391	-1.611	-1.977	-0.395	2.434	1.157
	1677.391	-1.596	-2.002	-0.434	2.434	1.157
	1678.391	-1.595	-2.005	-0.437	2.434	1.158
	1679.391	-1.579	-2.026	-0.475	2.434	1.158
	1680.391	-1.561	-2.044	-0.511	2.434	1.159
	1681.391	-1.544	-2.066	-0.551	2.434	1.159
	1682.391	-1.513	-2.093	-0.608	2.434	1.159
	1683.391	-1.485	-2.130	-0.673	2.434	1.159
	1684.391	-1.466	-2.152	-0.714	2.434	1.160
	1685.391	-1.453	-2.153	-0.729	2.434	1.160
	1686.391	-1.423	-2.198	-0.804	2.434	1.160
	1687.391	-1.402	-2.224	-0.850	2.434	1.161
	1688.391	-1.381	-2.239	-0.887	2.434	1.161
	1689.391	-1.358	-2.266	-0.937	2.434	1.161
	1690.391	-1.335	-2.287	-0.981	2.434	1.161
	1691.391	-1.320	-2.299	-1.009	2.434	1.162
	1692.391	-1.288	-2.338	-1.081	2.434	1.162
	1693.391	-1.265	-2.366	-1.131	2.434	1.162
	1694.391	-1.240	-2.394	-1.184	2.434	1.162
	1695.391	-1.229	-2.394	-1.196	2.434	1.163
	1696.391	-1.201	-2.428	-1.257	2.434	1.163
	1697.391	-1.165	-2.469	-1.335	2.434	1.162
	1698.391	-1.139	-2.496	-1.387	2.434	1.162
	1699.391	-1.107	-2.526	-1.451	2.434	1.162
	1700.391	-1.084	-2.545	-1.493	2.434	1.162
	1701.391	-1.055	-2.573	-1.549	2.434	1.162
	1702.391	-1.026	-2.601	-1.606	2.434	1.162
	1703.391	-0.998	-2.634	-1.669	2.434	1.161
	1704.391	-0.969	-2.656	-1.719	2.434	1.161
	1705.391	-0.931	-2.694	-1.796	2.434	1.160
	1706.391	-0.900	-2.722	-1.854	2.434	1.160
	1707.391	-0.870	-2.756	-1.918	2.434	1.160
	1708.391	-0.836	-2.783	-1.980	2.434	1.159
	1709.391	-0.801	-2.822	-2.055	2.434	1.159
	1710.391	-0.766	-2.860	-2.128	2.434	1.158
	1711.391	-0.721	-2.903	-2.216	2.434	1.157
	1712.391	-0.679	-2.948	-2.302	2.434	1.156
	1713.391	-0.644	-2.982	-2.373	2.434	1.156
	1714.391	-0.617	-3.005	-2.424	2.434	1.156
	1715.391	-0.571	-3.052	-2.516	2.434	1.155
	1716.391	-0.535	-3.087	-2.588	2.434	1.155
	1717.391	-0.498	-3.121	-2.659	2.434	1.154
	1718.391	-0.465	-3.141	-2.712	2.434	1.154
	1719.391	-0.422	-3.169	-2.783	2.434	1.154
	1720.391	-0.387	-3.196	-2.845	2.434	1.154
	1721.391	-0.363	-3.219	-2.893	2.434	1.155
	1722.391	-0.363	-3.253	-2.927	2.434	1.158
	1723.391	-0.363	-3.268	-2.942	2.434	1.162
	1724.391	-0.363	-3.285	-2.960	2.434	1.165
	1725.391	-0.363	-3.310	-2.984	2.434	1.168
	1726.391	-0.363	-3.303	-2.977	2.434	1.171
	1727.391	-0.363	-3.311	-2.985	2.434	1.174
	1728.391	-0.363	-3.330	-3.004	2.434	1.176
	1729.391	-0.363	-3.328	-3.003	2.434	1.179
	1730.391	-0.363	-3.340	-3.014	2.434	1.181
	1731.391	-0.363	-3.344	-3.019	2.434	1.184
	1732.391	-0.362	-3.348	-3.023	2.434	1.186
	1733.391	-0.363	-3.358	-3.033	2.434	1.188
	1734.391	-0.363	-3.362	-3.038	2.434	1.190
	1735.391	-0.362	-3.366	-3.042	2.434	1.191
	1736.391	-0.362	-3.385	-3.061	2.434	1.193
	1737.391	-0.362	-3.383	-3.059	2.434	1.194
	1738.391	-0.362	-3.371	-3.047	2.434	1.195
	1739.391	-0.362	-3.393	-3.068	2.434	1.196
	1740.391	-0.363	-3.405	-3.080	2.434	1.197
	1741.391	-0.362	-3.399	-3.075	2.434	1.198
	1742.391	-0.362	-3.404	-3.079	2.434	1.199
	1743.391	-0.362	-3.363	-3.039	2.434	1.200
	1744.391	-0.362	-3.395	-3.071	2.434	1.200
	1745.391	-0.362	-3.385	-3.060	2.434	1.200
	1746.391	-0.362	-3.390	-3.065	2.434	1.200
	1747.391	-0.362	-3.413	-3.089	2.434	1.200
	1748.391	-0.362	-3.398	-3.074	2.434	1.200
	1749.391	-0.362	-3.397	-3.073	2.434	1.200
	1750.391	-0.361	-3.382	-3.059	2.434	1.200
	1751.391	-0.362	-3.387	-3.063	2.434	1.199
	1752.391	-0.361	-3.398	-3.074	2.434	1.198
	1753.391	-0.361	-3.373	-3.049	2.434	1.198
	1754.391	-0.361	-3.387	-3.063	2.434	1.197
	1755.391	-0.361	-3.378	-3.055	2.434	1.196
	1756.391	-0.361	-3.369	-3.045	2.434	1.195
	1757.391	-0.361	-3.372	-3.049	2.434	1.193
	1758.391	-0.361	-3.378	-3.054	2.434	1.192
	1759.391	-0.361	-3.363	-3.040	2.434	1.190
	1760.391	-0.360	-3.378	-3.055	2.434	1.188
	1761.391	-0.361	-3.375	-3.052	2.434	1.186
	1762.391	-0.361	-3.360	-3.036	2.434	1.184
	1763.391	-0.361	-3.359	-3.036	2.434	1.182
	1764.391	-0.361	-3.354	-3.031	2.434	1.180
	1765.391	-0.361	-3.337	-3.014	2.434	1.178
