	0.000	-3.329	-0.139	3.176	2.435	0.532
	1.000	-3.329	-0.140	3.175	2.435	0.535
	2.000	-3.328	-0.139	3.176	2.435	0.532
	3.000	-3.330	-0.141	3.175	2.435	0.535
	4.016	-3.329	-0.148	3.167	2.435	0.551
	5.016	-3.327	-0.151	3.162	2.435	0.558
	6.031	-3.331	-0.145	3.172	2.435	0.546
	7.031	-3.329	-0.149	3.166	2.435	0.554
	8.031	-3.332	-0.141	3.177	2.435	0.537
	9.031	-3.332	-0.144	3.173	2.435	0.544
	10.031	-3.331	-0.145	3.172	2.435	0.547
	11.031	-3.335	-0.144	3.176	2.435	0.544
	12.031	-3.332	-0.150	3.168	2.435	0.555
	13.031	-3.330	-0.150	3.166	2.435	0.556
	14.031	-3.333	-0.139	3.180	2.435	0.533
	15.031	-3.333	-0.139	3.181	2.435	0.532
	16.031	-3.335	-0.141	3.180	2.435	0.536
	17.031	-3.334	-0.140	3.181	2.435	0.534
	18.031	-3.333	-0.141	3.178	2.435	0.538
	19.031	-3.332	-0.145	3.172	2.435	0.547
	20.031	-3.333	-0.141	3.177	2.435	0.539
	21.031	-3.333	-0.140	3.178	2.435	0.535
	22.031	-3.332	-0.146	3.173	2.435	0.547
	23.031	-3.332	-0.140	3.177	2.435	0.536
	24.031	-3.333	-0.139	3.180	2.435	0.533
	25.031	-3.333	-0.139	3.180	2.435	0.531
	26.031	-3.333	-0.141	3.178	2.435	0.536
	27.031	-3.332	-0.140	3.178	2.435	0.534
	28.031	-3.333	-0.141	3.178	2.435	0.535
	29.031	-3.331	-0.146	3.171	2.435	0.547
	30.031	-3.332	-0.138	3.179	2.435	0.531
	31.031	-3.332	-0.141	3.177	2.435	0.535
	32.031	-3.331	-0.139	3.179	2.435	0.531
	33.031	-3.330	-0.145	3.171	2.435	0.543
	34.031	-3.328	-0.138	3.175	2.435	0.530
	35.031	-3.331	-0.141	3.176	2.435	0.536
	36.031	-3.325	-0.139	3.172	2.435	0.530
	37.031	-3.324	-0.143	3.166	2.435	0.541
	38.031	-3.324	-0.139	3.171	2.435	0.530
	39.031	-3.320	-0.150	3.156	2.435	0.555
	40.031	-3.324	-0.148	3.161	2.435	0.549
	41.031	-3.324	-0.145	3.164	2.435	0.544
	42.031	-3.320	-0.146	3.159	2.435	0.546
	43.031	-3.318	-0.147	3.156	2.435	0.548
	44.031	-3.317	-0.143	3.160	2.435	0.538
	45.031	-3.316	-0.139	3.164	2.435	0.529
	46.031	-3.316	-0.142	3.160	2.435	0.537
	47.031	-3.314	-0.139	3.160	2.435	0.528
	48.031	-3.312	-0.146	3.152	2.435	0.544
	49.031	-3.311	-0.138	3.158	2.435	0.527
	50.031	-3.305	-0.154	3.137	2.435	0.558
	51.031	-3.307	-0.146	3.147	2.435	0.544
	52.031	-3.308	-0.143	3.150	2.435	0.537
	53.031	-3.298	-0.153	3.130	2.435	0.559
	54.031	-3.297	-0.153	3.130	2.435	0.558
	55.031	-3.302	-0.145	3.142	2.435	0.541
	56.031	-3.297	-0.154	3.129	2.435	0.558
	57.031	-3.294	-0.155	3.125	2.435	0.560
	58.031	-3.301	-0.148	3.139	2.435	0.545
	59.031	-3.298	-0.150	3.134	2.435	0.549
	60.031	-3.293	-0.155	3.124	2.435	0.558
	61.031	-3.299	-0.141	3.143	2.435	0.529
	62.031	-3.296	-0.142	3.139	2.435	0.532
	63.031	-3.293	-0.145	3.134	2.435	0.538
	64.031	-3.292	-0.141	3.137	2.435	0.529
	65.031	-3.286	-0.141	3.130	2.435	0.530
	66.031	-3.279	-0.143	3.122	2.435	0.530
	67.031	-3.283	-0.145	3.123	2.435	0.538
	68.031	-3.283	-0.145	3.124	2.435	0.534
	69.031	-3.275	-0.152	3.109	2.435	0.551
	70.031	-3.270	-0.152	3.104	2.435	0.551
	71.031	-3.277	-0.152	3.111	2.435	0.550
	72.031	-3.280	-0.143	3.123	2.435	0.532
	73.031	-3.273	-0.152	3.107	2.435	0.549
	74.031	-3.273	-0.153	3.106	2.435	0.550
	75.031	-3.272	-0.153	3.105	2.435	0.550
	76.031	-3.260	-0.146	3.100	2.435	0.539
	77.031	-3.262	-0.153	3.095	2.435	0.549
	78.031	-3.259	-0.152	3.093	2.435	0.548
	79.031	-3.257	-0.147	3.096	2.435	0.538
	80.031	-3.256	-0.152	3.089	2.435	0.547
	81.031	-3.251	-0.151	3.085	2.435	0.545
	82.031	-3.251	-0.152	3.085	2.435	0.546
	83.031	-3.249	-0.149	3.086	2.435	0.539
	84.031	-3.244	-0.150	3.080	2.435	0.542
	85.031	-3.242	-0.152	3.076	2.435	0.544
	86.031	-3.244	-0.141	3.089	2.435	0.522
	87.031	-3.240	-0.148	3.077	2.435	0.538
	88.031	-3.237	-0.152	3.070	2.435	0.543
	89.031	-3.234	-0.152	3.067	2.435	0.542
	90.031	-3.234	-0.151	3.068	2.435	0.540
	91.031	-3.233	-0.152	3.066	2.435	0.541
	92.031	-3.232	-0.151	3.065	2.435	0.539
	93.031	-3.228	-0.151	3.063	2.435	0.539
	94.031	-3.229	-0.147	3.067	2.435	0.530
	95.031	-3.222	-0.151	3.057	2.435	0.537
	96.031	-3.218	-0.149	3.055	2.435	0.534
	97.031	-3.216	-0.151	3.051	2.435	0.537
	98.031	-3.213	-0.149	3.048	2.435	0.535
	99.031	-3.198	-0.138	3.045	2.435	0.516
	100.031	-3.201	-0.148	3.038	2.435	0.531
	101.031	-3.202	-0.149	3.038	2.435	0.535
	102.031	-3.195	-0.154	3.026	2.435	0.535
	103.031	-3.180	-0.166	2.999	2.435	0.529
	104.031	-3.169	-0.177	2.976	2.435	0.528
	105.031	-3.164	-0.188	2.961	2.435	0.526
	106.031	-3.161	-0.192	2.954	2.435	0.528
	107.031	-3.145	-0.206	2.923	2.435	0.532
	108.031	-3.134	-0.219	2.900	2.435	0.524
	109.031	-3.121	-0.231	2.874	2.435	0.523
	110.031	-3.103	-0.245	2.842	2.435	0.533
	111.031	-3.092	-0.258	2.819	2.435	0.531
	112.031	-3.084	-0.271	2.798	2.435	0.534
	113.031	-3.074	-0.282	2.777	2.435	0.522
	114.031	-3.065	-0.293	2.757	2.435	0.534
	115.031	-3.056	-0.304	2.735	2.435	0.535
	116.031	-3.047	-0.314	2.717	2.435	0.531
	117.031	-3.035	-0.326	2.693	2.435	0.533
	118.031	-3.014	-0.336	2.662	2.435	0.533
	119.031	-3.013	-0.350	2.646	2.435	0.534
	120.031	-2.997	-0.359	2.622	2.435	0.526
	121.031	-2.988	-0.373	2.598	2.435	0.534
	122.031	-2.979	-0.387	2.576	2.435	0.534
	123.031	-2.968	-0.399	2.552	2.435	0.531
	124.031	-2.950	-0.410	2.523	2.435	0.510
	125.031	-2.944	-0.423	2.505	2.435	0.535
	126.031	-2.937	-0.436	2.485	2.435	0.524
	127.031	-2.928	-0.445	2.466	2.435	0.520
	128.031	-2.912	-0.457	2.439	2.435	0.517
	129.031	-2.905	-0.469	2.418	2.435	0.518
	130.031	-2.892	-0.479	2.395	2.435	0.519
	131.031	-2.882	-0.487	2.378	2.435	0.530
	132.031	-2.870	-0.494	2.358	2.435	0.536
	133.031	-2.862	-0.506	2.339	2.435	0.536
	134.031	-2.852	-0.517	2.317	2.435	0.537
	135.031	-2.835	-0.528	2.290	2.435	0.536
	136.031	-2.832	-0.544	2.271	2.435	0.533
	137.031	-2.820	-0.548	2.255	2.435	0.536
	138.031	-2.809	-0.557	2.234	2.435	0.537
	139.031	-2.799	-0.568	2.212	2.435	0.537
	140.031	-2.787	-0.580	2.188	2.435	0.535
	141.031	-2.783	-0.600	2.165	2.435	0.537
	142.031	-2.775	-0.612	2.144	2.435	0.533
	143.031	-2.765	-0.623	2.124	2.435	0.538
	144.031	-2.751	-0.629	2.104	2.435	0.536
	145.031	-2.738	-0.640	2.080	2.435	0.518
	146.031	-2.711	-0.604	2.127	-0.001	0.535
	147.031	-2.733	-0.578	2.176	-0.001	0.536
	148.031	-2.766	-0.537	2.248	-0.001	0.529
	149.031	-2.814	-0.491	2.343	-0.001	0.535
	150.031	-2.863	-0.435	2.449	-0.001	0.530
	151.031	-2.919	-0.372	2.568	-0.001	0.518
	152.031	-2.978	-0.307	2.693	-0.001	0.519
	153.031	-3.040	-0.242	2.820	-0.001	0.527
	154.031	-3.105	-0.171	2.958	-0.001	0.513
	155.031	-3.162	-0.105	3.080	-0.001	0.506
	156.031	-3.185	-0.101	3.107	-0.001	0.513
	157.031	-3.201	-0.103	3.121	-0.001	0.521
	158.031	-3.211	-0.099	3.136	-0.001	0.514
	159.031	-3.225	-0.099	3.149	-0.001	0.517
	160.031	-3.238	-0.100	3.162	-0.001	0.520
	161.031	-3.239	-0.099	3.164	-0.001	0.521
	162.031	-3.250	-0.106	3.168	-0.001	0.539
	163.031	-3.261	-0.102	3.183	-0.001	0.534
	164.031	-3.268	-0.111	3.181	-0.001	0.553
	165.031	-3.271	-0.112	3.183	-0.001	0.557
	166.031	-3.277	-0.104	3.197	-0.001	0.540
	167.031	-3.280	-0.115	3.189	-0.001	0.562
	168.031	-3.319	-0.145	3.158	2.346	0.550
	169.031	-3.320	-0.147	3.157	2.347	0.555
	170.031	-3.318	-0.152	3.152	2.347	0.566
	171.031	-3.317	-0.156	3.147	2.347	0.571
	172.031	-3.318	-0.155	3.148	2.349	0.571
	173.031	-3.317	-0.155	3.146	2.349	0.571
	174.031	-3.318	-0.152	3.154	2.350	0.567
	175.031	-3.317	-0.155	3.148	2.351	0.571
	176.031	-3.319	-0.155	3.153	2.351	0.571
	177.031	-3.316	-0.155	3.148	2.352	0.570
	178.031	-3.318	-0.150	3.156	2.352	0.563
	179.031	-3.315	-0.153	3.146	2.352	0.568
	180.031	-3.315	-0.155	3.146	2.353	0.570
	181.031	-3.315	-0.153	3.150	2.353	0.567
	182.031	-3.314	-0.153	3.149	2.353	0.567
	183.031	-3.315	-0.154	3.149	2.354	0.568
	184.031	-3.314	-0.154	3.149	2.354	0.568
	185.031	-3.313	-0.151	3.150	2.355	0.564
	186.031	-3.313	-0.151	3.149	2.355	0.564
	187.031	-3.313	-0.147	3.153	2.355	0.557
	188.031	-3.311	-0.149	3.151	2.355	0.561
	189.031	-3.313	-0.149	3.150	2.356	0.561
	190.031	-3.312	-0.150	3.149	2.356	0.563
	191.031	-3.309	-0.152	3.144	2.357	0.566
	192.031	-3.308	-0.152	3.144	2.356	0.567
	193.031	-3.307	-0.151	3.144	2.357	0.565
	194.031	-3.307	-0.149	3.145	2.357	0.560
	195.031	-3.307	-0.153	3.142	2.357	0.565
	196.031	-3.306	-0.153	3.141	2.358	0.565
	197.031	-3.311	-0.148	3.150	2.358	0.559
	198.031	-3.315	-0.152	3.151	2.358	0.563
	199.031	-3.310	-0.140	3.158	2.359	0.542
	200.031	-3.308	-0.138	3.158	2.359	0.537
	201.031	-3.306	-0.147	3.146	2.359	0.557
	202.031	-3.307	-0.143	3.151	2.359	0.549
	203.031	-3.305	-0.138	3.155	2.359	0.537
	204.031	-3.301	-0.150	3.138	2.359	0.561
	205.031	-3.300	-0.149	3.139	2.360	0.559
	206.031	-3.301	-0.149	3.139	2.360	0.558
	207.031	-3.301	-0.152	3.137	2.360	0.562
	208.031	-3.298	-0.144	3.142	2.360	0.549
	209.031	-3.293	-0.145	3.135	2.360	0.552
	210.031	-3.292	-0.147	3.132	2.360	0.554
	211.031	-3.292	-0.148	3.132	2.361	0.556
	212.031	-3.292	-0.150	3.130	2.361	0.558
	213.031	-3.293	-0.138	3.143	2.361	0.534
	214.031	-3.293	-0.136	3.145	2.361	0.529
	215.031	-3.294	-0.135	3.146	2.361	0.524
	216.031	-3.292	-0.135	3.144	2.361	0.527
	217.031	-3.290	-0.137	3.140	2.361	0.531
	218.031	-3.288	-0.137	3.139	2.361	0.531
	219.031	-3.288	-0.138	3.139	2.361	0.531
	220.031	-3.286	-0.137	3.136	2.361	0.531
	221.031	-3.290	-0.135	3.143	2.362	0.523
	222.031	-3.286	-0.135	3.139	2.362	0.525
	223.031	-3.285	-0.136	3.137	2.362	0.526
	224.031	-3.286	-0.134	3.140	2.362	0.522
	225.031	-3.286	-0.135	3.139	2.362	0.524
	226.109	-3.279	-0.134	3.133	2.362	0.524
	227.109	-3.280	-0.135	3.133	2.362	0.524
	228.109	-3.272	-0.136	3.123	2.362	0.528
	229.109	-3.280	-0.134	3.134	2.362	0.522
	230.109	-3.275	-0.134	3.128	2.362	0.520
	231.109	-3.270	-0.134	3.124	2.362	0.521
	232.109	-3.277	-0.134	3.131	2.362	0.519
	233.109	-3.272	-0.135	3.125	2.363	0.523
	234.109	-3.270	-0.136	3.122	2.363	0.524
	235.109	-3.271	-0.135	3.124	2.363	0.522
	236.109	-3.269	-0.134	3.122	2.363	0.519
	237.109	-3.267	-0.134	3.120	2.363	0.518
	238.109	-3.265	-0.135	3.118	2.363	0.520
	239.109	-3.260	-0.134	3.113	2.363	0.517
	240.109	-3.260	-0.134	3.114	2.364	0.517
	241.109	-3.260	-0.139	3.109	2.364	0.528
	242.109	-3.254	-0.133	3.109	2.364	0.516
	243.109	-3.250	-0.135	3.102	2.364	0.522
	244.109	-3.246	-0.135	3.098	2.364	0.521
	245.109	-3.242	-0.136	3.093	2.364	0.524
	246.109	-3.239	-0.138	3.089	2.364	0.525
	247.109	-3.235	-0.137	3.085	2.364	0.525
	248.109	-3.231	-0.135	3.084	2.365	0.519
	249.109	-3.231	-0.135	3.083	2.365	0.519
	250.109	-3.228	-0.134	3.081	2.365	0.516
	251.109	-3.227	-0.133	3.081	2.365	0.514
	252.109	-3.221	-0.136	3.072	2.365	0.521
	253.109	-3.220	-0.135	3.072	2.365	0.516
	254.109	-3.221	-0.135	3.073	2.365	0.515
	255.109	-3.217	-0.134	3.071	2.365	0.511
	256.109	-3.225	-0.134	3.079	2.366	0.510
	257.109	-3.226	-0.134	3.079	2.366	0.510
	258.109	-3.215	-0.135	3.068	2.366	0.514
	259.109	-3.223	-0.134	3.076	2.366	0.510
	260.109	-3.220	-0.133	3.074	2.366	0.508
	261.109	-3.208	-0.134	3.060	2.366	0.511
	262.109	-3.212	-0.135	3.064	2.366	0.515
	263.109	-3.207	-0.144	3.050	2.366	0.533
	264.109	-3.205	-0.146	3.046	2.366	0.535
	265.109	-3.203	-0.143	3.047	2.367	0.530
	266.109	-3.201	-0.140	3.048	2.367	0.523
	267.109	-3.191	-0.146	3.031	2.367	0.514
	268.109	-3.171	-0.158	3.001	2.367	0.515
	269.109	-3.166	-0.169	2.985	2.367	0.511
	270.109	-3.154	-0.179	2.961	2.367	0.516
	271.109	-3.145	-0.190	2.942	2.367	0.519
	272.109	-3.135	-0.200	2.922	2.367	0.514
	273.109	-3.124	-0.209	2.902	2.367	0.507
	274.109	-3.118	-0.221	2.884	2.368	0.511
	275.109	-3.109	-0.232	2.863	2.368	0.520
	276.109	-3.099	-0.241	2.845	2.368	0.508
	277.109	-3.095	-0.252	2.830	2.368	0.512
	278.109	-3.084	-0.262	2.808	2.369	0.510
	279.109	-3.075	-0.271	2.790	2.372	0.509
	280.109	-3.064	-0.282	2.768	2.375	0.508
	281.109	-3.052	-0.292	2.746	2.378	0.513
	282.109	-3.043	-0.305	2.724	2.382	0.509
	283.109	-3.027	-0.314	2.697	2.382	0.523
	284.109	-3.026	-0.331	2.683	2.385	0.534
	285.109	-3.014	-0.340	2.662	2.387	0.517
	286.109	-3.004	-0.351	2.640	2.389	0.527
	287.109	-2.997	-0.363	2.620	2.384	0.523
	288.109	-2.976	-0.373	2.592	2.390	0.523
	289.109	-2.967	-0.385	2.568	2.390	0.518
	290.109	-2.954	-0.397	2.547	2.388	0.517
	291.141	-2.944	-0.407	2.524	2.392	0.512
	292.141	-2.927	-0.418	2.496	2.392	0.526
	293.141	-2.923	-0.432	2.479	2.395	0.530
	294.141	-2.917	-0.447	2.455	2.394	0.522
	295.141	-2.905	-0.455	2.437	2.396	0.512
	296.141	-2.895	-0.466	2.415	2.398	0.512
	297.141	-2.885	-0.478	2.395	2.396	0.514
	298.141	-2.873	-0.488	2.374	2.399	0.514
	299.141	-2.865	-0.499	2.353	2.400	0.513
	300.141	-2.855	-0.511	2.330	2.402	0.517
	301.141	-2.843	-0.522	2.308	2.401	0.522
	302.141	-2.837	-0.536	2.288	2.401	0.534
	303.141	-2.824	-0.543	2.265	2.404	0.522
	304.141	-2.810	-0.551	2.245	2.404	0.520
	305.141	-2.802	-0.565	2.223	2.403	0.517
	306.141	-2.791	-0.574	2.202	2.407	0.524
	307.141	-2.783	-0.587	2.180	2.409	0.516
	308.141	-2.774	-0.598	2.163	2.407	0.517
	309.141	-2.762	-0.610	2.137	2.407	0.517
	310.141	-2.752	-0.623	2.115	2.407	0.523
	311.141	-2.741	-0.635	2.093	2.408	0.516
	312.141	-2.730	-0.647	2.070	2.408	0.523
	313.141	-2.725	-0.648	2.049	2.391	0.535
	314.141	-2.713	-0.668	2.031	2.411	0.535
	315.141	-2.702	-0.679	2.009	2.411	0.533
	316.141	-2.690	-0.689	1.986	2.412	0.516
	317.141	-2.683	-0.697	1.973	2.411	0.519
	318.141	-2.674	-0.709	1.949	2.411	0.516
	319.141	-2.666	-0.720	1.931	2.411	0.519
	320.141	-2.653	-0.727	1.910	2.413	0.525
	321.141	-2.644	-0.740	1.888	2.415	0.525
	322.141	-2.634	-0.755	1.862	2.430	0.518
	323.141	-2.622	-0.765	1.844	2.415	0.520
	324.141	-2.614	-0.775	1.824	2.419	0.523
	325.141	-2.604	-0.785	1.805	2.417	0.530
	326.141	-2.595	-0.797	1.784	2.416	0.518
	327.141	-2.583	-0.804	1.768	2.421	0.520
	328.141	-2.576	-0.811	1.749	2.415	0.520
	329.141	-2.567	-0.821	1.731	2.417	0.527
	330.141	-2.550	-0.823	1.712	2.404	0.524
	331.141	-2.549	-0.842	1.692	2.418	0.526
	332.141	-2.538	-0.856	1.667	2.418	0.524
	333.141	-2.526	-0.864	1.647	2.420	0.524
	334.141	-2.518	-0.874	1.631	2.422	0.531
	335.141	-2.510	-0.884	1.610	2.420	0.523
	336.141	-2.504	-0.893	1.596	2.420	0.528
	337.141	-2.494	-0.901	1.578	2.420	0.527
	338.141	-2.484	-0.911	1.559	2.421	0.527
	339.141	-2.475	-0.921	1.541	2.422	0.529
	340.141	-2.470	-0.926	1.524	2.412	0.530
	341.141	-2.458	-0.939	1.504	2.421	0.533
	342.141	-2.449	-0.944	1.490	2.421	0.531
	343.141	-2.440	-0.950	1.476	2.423	0.533
	344.141	-2.432	-0.959	1.459	2.426	0.535
	345.141	-2.421	-0.967	1.438	2.423	0.528
	346.141	-2.411	-0.978	1.420	2.424	0.527
	347.141	-2.409	-0.986	1.407	2.421	0.539
	348.141	-2.397	-0.993	1.389	2.425	0.536
	349.141	-2.385	-0.995	1.375	2.425	0.537
	350.141	-2.377	-1.005	1.357	2.425	0.535
	351.141	-2.369	-1.012	1.339	2.425	0.532
	352.141	-2.361	-1.027	1.319	2.426	0.532
	353.141	-2.351	-1.034	1.301	2.427	0.528
	354.141	-2.341	-1.040	1.286	2.425	0.532
	355.141	-2.333	-1.048	1.269	2.426	0.531
	356.141	-2.325	-1.059	1.250	2.426	0.526
	357.141	-2.317	-1.068	1.234	2.428	0.527
	358.141	-2.311	-1.074	1.221	2.428	0.534
	359.141	-2.301	-1.081	1.202	2.428	0.528
	360.141	-2.294	-1.088	1.190	2.427	0.535
	361.141	-2.286	-1.096	1.173	2.428	0.534
	362.141	-2.276	-1.103	1.155	2.428	0.527
	363.141	-2.269	-1.114	1.139	2.427	0.529
	364.141	-2.259	-1.120	1.124	2.428	0.528
	365.141	-2.254	-1.131	1.107	2.427	0.527
	366.141	-2.245	-1.137	1.092	2.429	0.528
	367.141	-2.237	-1.146	1.075	2.430	0.529
	368.141	-2.229	-1.152	1.060	2.430	0.528
	369.141	-2.223	-1.160	1.048	2.431	0.526
	370.141	-2.215	-1.168	1.032	2.428	0.526
	371.141	-2.206	-1.174	1.016	2.429	0.528
	372.141	-2.199	-1.179	1.004	2.430	0.531
	373.141	-2.195	-1.187	0.992	2.430	0.535
	374.141	-2.189	-1.197	0.976	2.428	0.537
	375.141	-2.178	-1.202	0.958	2.430	0.527
	376.141	-2.176	-1.229	0.932	2.433	0.527
	377.141	-2.170	-1.238	0.916	2.432	0.528
	378.141	-2.159	-1.226	0.915	2.431	0.530
	379.141	-2.155	-1.237	0.902	2.431	0.534
	380.141	-2.145	-1.241	0.889	2.435	0.533
	381.141	-2.139	-1.238	0.884	2.432	0.537
	382.141	-2.132	-1.247	0.868	2.434	0.535
	383.141	-2.123	-1.254	0.852	2.433	0.533
	384.141	-2.117	-1.263	0.837	2.433	0.532
	385.141	-2.109	-1.270	0.822	2.433	0.529
	386.141	-2.103	-1.274	0.811	2.433	0.532
	387.141	-2.096	-1.282	0.797	2.435	0.532
	388.141	-2.091	-1.289	0.784	2.434	0.529
	389.141	-2.085	-1.298	0.772	2.434	0.529
	390.141	-2.082	-1.307	0.760	2.434	0.530
	391.141	-2.078	-1.330	0.734	2.435	0.529
	392.141	-2.069	-1.349	0.709	2.433	0.529
	393.141	-2.069	-1.342	0.698	2.436	0.532
	394.141	-2.054	-1.334	0.699	2.429	0.530
	395.141	-2.048	-1.350	0.682	2.436	0.530
	396.141	-2.042	-1.355	0.669	2.432	0.531
	397.141	-2.041	-1.368	0.658	2.433	0.530
	398.141	-2.034	-1.371	0.646	2.435	0.530
	399.141	-2.024	-1.379	0.628	2.433	0.531
	400.141	-2.021	-1.389	0.615	2.436	0.535
	401.141	-2.012	-1.387	0.608	2.434	0.532
	402.141	-2.007	-1.392	0.600	2.436	0.530
	403.141	-2.000	-1.401	0.582	2.436	0.531
	404.141	-1.992	-1.399	0.577	2.434	0.532
	405.141	-1.986	-1.399	0.569	2.435	0.531
	406.141	-1.990	-1.414	0.557	2.433	0.532
	407.141	-1.978	-1.423	0.539	2.436	0.530
	408.141	-1.970	-1.420	0.532	2.437	0.534
	409.141	-1.960	-1.415	0.528	2.435	0.533
	410.141	-1.954	-1.420	0.516	2.435	0.532
	411.141	-1.951	-1.430	0.504	2.437	0.531
	412.141	-1.950	-1.422	0.512	2.434	0.534
	413.141	-1.947	-1.424	0.504	2.436	0.535
	414.141	-1.936	-1.437	0.482	2.438	0.531
	415.141	-1.928	-1.443	0.467	2.436	0.531
	416.141	-1.923	-1.447	0.456	2.437	0.534
	417.141	-1.917	-1.458	0.443	2.435	0.533
	418.141	-1.912	-1.461	0.433	2.437	0.532
	419.141	-1.906	-1.464	0.423	2.439	0.533
	420.141	-1.902	-1.468	0.415	2.438	0.533
	421.141	-1.900	-1.473	0.410	2.438	0.531
	422.141	-1.897	-1.476	0.403	2.439	0.532
	423.141	-1.900	-1.493	0.389	2.437	0.533
	424.141	-1.885	-1.488	0.378	2.437	0.532
	425.141	-1.883	-1.513	0.350	2.437	0.533
	426.141	-1.876	-1.506	0.352	2.437	0.535
	427.141	-1.869	-1.502	0.350	2.436	0.536
	428.141	-1.861	-1.506	0.339	2.435	0.535
	429.141	-1.860	-1.511	0.329	2.438	0.535
	430.141	-1.856	-1.512	0.326	2.438	0.536
	431.141	-1.850	-1.524	0.308	2.439	0.534
	432.141	-1.846	-1.549	0.286	2.439	0.534
	433.141	-1.830	-1.557	0.292	2.420	0.533
	434.141	-1.843	-1.540	0.276	2.435	0.533
	435.141	-1.840	-1.547	0.270	2.434	0.532
	436.141	-1.837	-1.533	0.285	2.436	0.534
	437.141	-1.833	-1.538	0.276	2.436	0.534
	438.141	-1.829	-1.543	0.265	2.436	0.533
	439.141	-1.822	-1.552	0.251	2.438	0.532
	440.141	-1.813	-1.558	0.238	2.437	0.533
	441.141	-1.812	-1.573	0.219	2.436	0.533
	442.141	-1.805	-1.567	0.220	2.437	0.533
	443.141	-1.805	-1.581	0.206	2.439	0.533
	444.141	-1.799	-1.578	0.203	2.437	0.533
	445.141	-1.794	-1.580	0.195	2.439	0.533
	446.141	-1.795	-1.577	0.200	2.440	0.534
	447.141	-1.789	-1.578	0.193	2.438	0.534
	448.141	-1.779	-1.589	0.171	2.439	0.533
	449.141	-1.780	-1.588	0.172	2.438	0.533
	450.141	-1.772	-1.597	0.156	2.439	0.533
	451.141	-1.767	-1.604	0.144	2.438	0.533
	452.141	-1.768	-1.607	0.141	2.440	0.533
	453.141	-1.766	-1.604	0.142	2.437	0.533
	454.141	-1.762	-1.605	0.137	2.440	0.534
	455.141	-1.758	-1.608	0.130	2.439	0.534
	456.141	-1.752	-1.615	0.118	2.438	0.533
	457.141	-1.746	-1.621	0.106	2.439	0.533
	458.141	-1.745	-1.621	0.105	2.438	0.534
	459.141	-1.736	-1.630	0.089	2.441	0.533
	460.141	-1.739	-1.629	0.090	2.438	0.534
	461.141	-1.728	-1.639	0.070	2.440	0.534
	462.141	-1.726	-1.644	0.063	2.439	0.534
	463.141	-1.727	-1.645	0.061	2.438	0.534
	464.141	-1.723	-1.648	0.055	2.440	0.534
	465.141	-1.720	-1.655	0.046	2.439	0.534
	466.141	-1.717	-1.652	0.045	2.441	0.534
	467.141	-1.713	-1.656	0.037	2.441	0.534
	468.141	-1.713	-1.684	0.009	2.440	0.534
	469.141	-1.706	-1.671	0.015	2.438	0.534
	470.141	-1.693	-1.680	-0.008	2.439	0.537
	471.141	-1.689	-1.690	-0.020	2.440	0.537
	472.141	-1.688	-1.685	-0.017	2.391	0.535
	473.141	-1.685	-1.683	-0.017	2.391	0.534
	474.141	-1.680	-1.690	-0.030	2.434	0.535
	475.141	-1.682	-1.691	-0.029	2.430	0.535
	476.141	-1.675	-1.695	-0.040	2.467	0.534
	477.141	-1.667	-1.706	-0.061	2.540	0.537
	478.141	-1.667	-1.708	-0.063	2.550	0.535
	479.141	-1.657	-1.720	-0.087	2.633	0.538
	480.141	-1.654	-1.723	-0.094	2.660	0.536
	481.141	-1.650	-1.740	-0.115	2.738	0.535
	482.141	-1.639	-1.755	-0.141	2.835	0.537
	483.141	-1.631	-1.761	-0.157	2.896	0.536
	484.141	-1.625	-1.766	-0.169	2.950	0.535
	485.141	-1.609	-1.781	-0.202	3.069	0.538
	486.141	-1.593	-1.802	-0.244	3.219	0.540
	487.141	-1.578	-1.823	-0.282	3.365	0.538
	488.141	-1.557	-1.855	-0.338	3.579	0.536
	489.141	-1.529	-1.893	-0.408	3.840	0.537
	490.141	-1.488	-1.944	-0.506	4.203	0.541
	491.141	-1.432	-2.019	-0.644	4.708	0.546
	492.172	-1.344	-2.137	-0.863	5.506	0.550
	493.172	-1.221	-2.271	-1.124	5.681	0.556
	494.172	-1.037	-2.465	-1.502	5.666	0.549
	495.172	-0.781	-2.723	-2.018	5.659	0.565
	496.172	-0.486	-3.031	-2.623	5.659	0.562
	497.172	-0.407	-3.198	-2.870	5.659	0.587
	498.172	-0.406	-3.276	-2.950	5.659	0.610
	499.172	-0.405	-3.297	-2.972	5.659	0.618
	500.172	-0.405	-3.287	-2.961	5.659	0.618
	501.172	-0.408	-3.214	-2.885	5.659	0.584
	502.172	-0.409	-3.124	-2.794	5.659	0.573
	503.172	-0.621	-2.866	-2.321	5.659	0.564
	504.172	-0.943	-2.540	-1.671	5.660	0.558
	505.172	-1.219	-2.272	-1.126	5.670	0.555
	506.172	-1.442	-2.054	-0.682	5.616	0.550
	507.172	-1.605	-1.871	-0.321	4.672	0.556
	508.172	-1.712	-1.751	-0.081	3.847	0.554
	509.172	-1.776	-1.668	0.075	3.292	0.551
	510.172	-1.820	-1.610	0.182	2.899	0.549
	511.172	-1.854	-1.563	0.269	2.568	0.550
	512.172	-1.874	-1.536	0.319	2.360	0.550
	513.172	-1.882	-1.506	0.358	2.189	0.547
	514.172	-1.888	-1.504	0.369	2.110	0.547
	515.172	-1.891	-1.510	0.366	2.083	0.547
	516.172	-1.890	-1.510	0.365	2.049	0.549
	517.172	-1.886	-1.505	0.367	2.005	0.546
	518.172	-1.879	-1.521	0.344	2.047	0.548
	519.172	-1.873	-1.532	0.326	2.074	0.548
	520.172	-1.868	-1.535	0.317	2.071	0.547
	521.172	-1.862	-1.541	0.307	2.076	0.547
	522.172	-1.848	-1.536	0.297	2.078	0.547
	523.172	-1.841	-1.539	0.287	2.084	0.547
	524.172	-1.830	-1.555	0.258	2.154	0.550
	525.172	-1.829	-1.554	0.260	2.123	0.552
	526.172	-1.820	-1.562	0.241	2.159	0.552
	527.172	-1.809	-1.578	0.214	2.228	0.551
	528.172	-1.807	-1.604	0.184	2.310	0.550
	529.172	-1.801	-1.610	0.172	2.332	0.550
	530.172	-1.797	-1.611	0.166	2.332	0.552
	531.172	-1.788	-1.591	0.178	2.277	0.552
	532.172	-1.789	-1.597	0.173	2.273	0.553
	533.172	-1.790	-1.615	0.156	2.314	0.552
	534.172	-1.789	-1.628	0.141	2.347	0.551
	535.172	-1.781	-1.626	0.135	2.355	0.549
	536.172	-1.771	-1.598	0.155	2.271	0.550
	537.172	-1.768	-1.603	0.146	2.287	0.552
	538.172	-1.765	-1.616	0.130	2.327	0.551
	539.172	-1.765	-1.640	0.103	2.402	0.550
	540.172	-1.763	-1.652	0.090	2.436	0.549
	541.172	-1.763	-1.656	0.086	2.437	0.550
	542.172	-1.759	-1.642	0.096	2.395	0.552
	543.172	-1.750	-1.638	0.092	2.397	0.549
	544.172	-1.747	-1.644	0.081	2.420	0.549
	545.172	-1.746	-1.642	0.083	2.404	0.550
	546.172	-1.751	-1.659	0.071	2.437	0.551
	547.172	-1.744	-1.648	0.075	2.412	0.553
	548.172	-1.741	-1.636	0.085	2.372	0.552
	549.172	-1.738	-1.636	0.082	2.369	0.553
	550.172	-1.735	-1.625	0.090	2.335	0.552
	551.172	-1.731	-1.627	0.084	2.342	0.553
	552.172	-1.733	-1.637	0.076	2.361	0.553
	553.172	-1.734	-1.652	0.060	2.404	0.553
	554.172	-1.728	-1.644	0.064	2.382	0.552
	555.172	-1.728	-1.650	0.057	2.400	0.552
	556.172	-1.724	-1.652	0.050	2.413	0.551
	557.172	-1.721	-1.654	0.045	2.425	0.550
	558.172	-1.717	-1.659	0.036	2.449	0.550
	559.172	-1.718	-1.671	0.026	2.479	0.550
	560.172	-1.718	-1.666	0.031	2.456	0.550
	561.172	-1.721	-1.667	0.032	2.445	0.552
	562.172	-1.722	-1.668	0.033	2.438	0.552
	563.172	-1.721	-1.674	0.025	2.458	0.554
	564.172	-1.716	-1.677	0.016	2.484	0.553
	565.172	-1.717	-1.668	0.028	2.440	0.555
	566.172	-1.719	-1.666	0.033	2.419	0.553
	567.172	-1.718	-1.663	0.034	2.410	0.554
	568.172	-1.716	-1.664	0.031	2.412	0.552
	569.172	-1.717	-1.664	0.032	2.405	0.553
	570.172	-1.716	-1.665	0.031	2.403	0.553
	571.172	-1.717	-1.671	0.025	2.418	0.553
	572.172	-1.714	-1.660	0.033	2.387	0.553
	573.172	-1.712	-1.662	0.029	2.395	0.552
	574.172	-1.710	-1.661	0.028	2.392	0.552
	575.172	-1.710	-1.669	0.019	2.417	0.551
	576.172	-1.707	-1.671	0.015	2.426	0.550
	577.172	-1.707	-1.670	0.016	2.420	0.550
	578.172	-1.709	-1.667	0.021	2.400	0.553
	579.172	-1.708	-1.665	0.021	2.394	0.552
	580.172	-1.708	-1.675	0.013	2.419	0.552
	581.172	-1.709	-1.682	0.005	2.441	0.551
	582.172	-1.707	-1.680	0.005	2.439	0.551
	583.172	-1.706	-1.686	-0.003	2.462	0.550
	584.172	-1.702	-1.674	0.007	2.426	0.550
	585.172	-1.709	-1.689	-0.003	2.455	0.550
	586.172	-1.707	-1.682	0.003	2.435	0.550
	587.172	-1.706	-1.679	0.006	2.421	0.550
	588.172	-1.715	-1.693	-0.001	2.442	0.553
	589.172	-1.712	-1.685	0.006	2.415	0.552
	590.172	-1.708	-1.681	0.006	2.411	0.550
	591.172	-1.711	-1.676	0.014	2.382	0.553
	592.172	-1.707	-1.679	0.007	2.400	0.550
	593.172	-1.709	-1.693	-0.005	2.441	0.550
	594.172	-1.714	-1.688	0.004	2.406	0.553
	595.172	-1.711	-1.689	0.002	2.412	0.551
	596.172	-1.712	-1.680	0.010	2.381	0.552
	597.172	-1.711	-1.684	0.006	2.390	0.551
	598.172	-1.711	-1.692	-0.002	2.415	0.551
	599.172	-1.708	-1.677	0.011	2.369	0.551
	600.172	-1.714	-1.699	-0.006	2.424	0.552
	601.172	-1.714	-1.699	-0.005	2.419	0.553
	602.172	-1.712	-1.682	0.008	2.370	0.553
	603.172	-1.709	-1.674	0.015	2.345	0.554
	604.172	-1.707	-1.670	0.017	2.334	0.552
	605.172	-1.712	-1.696	-0.005	2.403	0.553
	606.172	-1.712	-1.701	-0.010	2.418	0.554
	607.172	-1.709	-1.719	-0.033	2.494	0.553
	608.172	-1.708	-1.723	-0.038	2.510	0.551
	609.172	-1.715	-1.711	-0.018	2.446	0.554
	610.172	-1.713	-1.705	-0.013	2.428	0.551
	611.172	-1.710	-1.697	-0.008	2.409	0.550
	612.172	-1.711	-1.700	-0.010	2.412	0.550
	613.172	-1.714	-1.706	-0.013	2.422	0.550
	614.172	-1.714	-1.706	-0.013	2.421	0.550
	615.172	-1.716	-1.706	-0.011	2.414	0.550
	616.172	-1.719	-1.703	-0.006	2.392	0.551
	617.172	-1.717	-1.704	-0.007	2.396	0.551
	618.172	-1.713	-1.707	-0.015	2.421	0.550
	619.172	-1.715	-1.706	-0.012	2.408	0.550
	620.172	-1.719	-1.700	-0.002	2.372	0.551
	621.172	-1.720	-1.702	-0.003	2.373	0.552
	622.172	-1.718	-1.702	-0.005	2.379	0.551
	623.172	-1.714	-1.705	-0.011	2.399	0.550
	624.172	-1.714	-1.708	-0.015	2.408	0.549
	625.172	-1.714	-1.701	-0.008	2.384	0.550
	626.172	-1.715	-1.708	-0.014	2.403	0.550
	627.187	-1.715	-1.705	-0.011	2.391	0.550
	628.187	-1.715	-1.705	-0.011	2.390	0.550
	629.187	-1.718	-1.702	-0.005	2.368	0.550
	630.187	-1.715	-1.690	0.004	2.335	0.550
	631.187	-1.720	-1.698	0.002	2.340	0.552
	632.187	-1.717	-1.689	0.008	2.317	0.552
	633.187	-1.713	-1.696	-0.004	2.352	0.550
	634.187	-1.715	-1.704	-0.010	2.373	0.550
	635.187	-1.712	-1.711	-0.020	2.406	0.550
	636.187	-1.713	-1.708	-0.016	2.389	0.550
	637.187	-1.711	-1.708	-0.017	2.392	0.550
	638.187	-1.711	-1.709	-0.018	2.395	0.550
	639.187	-1.712	-1.708	-0.017	2.390	0.550
	640.187	-1.715	-1.705	-0.011	2.368	0.550
	641.187	-1.715	-1.706	-0.011	2.367	0.550
	642.187	-1.714	-1.707	-0.013	2.373	0.550
	643.187	-1.711	-1.697	-0.006	2.347	0.550
	644.187	-1.709	-1.687	0.002	2.317	0.550
	645.187	-1.711	-1.685	0.006	2.301	0.552
	646.187	-1.707	-1.692	-0.005	2.336	0.550
	647.187	-1.704	-1.691	-0.008	2.344	0.550
	648.187	-1.702	-1.681	0.001	2.312	0.550
	649.187	-1.705	-1.676	0.009	2.281	0.551
	650.187	-1.706	-1.690	-0.004	2.323	0.551
	651.187	-1.704	-1.686	-0.002	2.313	0.551
	652.187	-1.704	-1.694	-0.011	2.340	0.551
	653.187	-1.702	-1.707	-0.026	2.391	0.550
	654.187	-1.705	-1.710	-0.026	2.392	0.551
	655.187	-1.705	-1.709	-0.025	2.389	0.550
	656.187	-1.706	-1.714	-0.029	2.400	0.551
	657.187	-1.705	-1.717	-0.034	2.419	0.550
	658.187	-1.707	-1.714	-0.028	2.398	0.550
	659.187	-1.706	-1.689	-0.003	2.315	0.552
	660.187	-1.702	-1.681	0.001	2.298	0.551
	661.187	-1.697	-1.683	-0.007	2.322	0.550
	662.187	-1.697	-1.692	-0.016	2.352	0.550
	663.187	-1.697	-1.681	-0.004	2.310	0.550
	664.187	-1.695	-1.682	-0.007	2.319	0.550
	665.187	-1.694	-1.689	-0.014	2.341	0.551
	666.187	-1.697	-1.692	-0.014	2.339	0.550
	667.187	-1.695	-1.698	-0.023	2.369	0.550
	668.187	-1.693	-1.692	-0.019	2.354	0.551
	669.187	-1.697	-1.685	-0.008	2.316	0.551
	670.187	-1.695	-1.695	-0.020	2.355	0.550
	671.187	-1.698	-1.707	-0.030	2.388	0.552
	672.187	-1.697	-1.692	-0.014	2.333	0.554
	673.187	-1.692	-1.686	-0.014	2.332	0.551
	674.187	-1.692	-1.688	-0.016	2.336	0.550
	675.187	-1.696	-1.703	-0.027	2.374	0.550
	676.187	-1.701	-1.726	-0.046	2.437	0.552
	677.187	-1.699	-1.719	-0.041	2.422	0.551
	678.187	-1.698	-1.705	-0.027	2.377	0.552
	679.187	-1.695	-1.690	-0.015	2.336	0.551
	680.187	-1.696	-1.691	-0.015	2.333	0.550
	681.187	-1.696	-1.696	-0.020	2.351	0.550
	682.187	-1.694	-1.686	-0.013	2.323	0.550
	683.187	-1.693	-1.686	-0.013	2.323	0.551
	684.187	-1.697	-1.701	-0.024	2.361	0.550
	685.187	-1.694	-1.690	-0.016	2.334	0.550
	686.187	-1.693	-1.688	-0.015	2.328	0.550
	687.187	-1.695	-1.700	-0.025	2.361	0.552
	688.187	-1.693	-1.692	-0.019	2.340	0.551
	689.187	-1.691	-1.677	-0.006	2.296	0.550
	690.187	-1.692	-1.671	0.003	2.263	0.551
	691.187	-1.693	-1.677	-0.004	2.282	0.554
	692.187	-1.689	-1.677	-0.007	2.292	0.550
	693.187	-1.687	-1.681	-0.014	2.315	0.551
	694.187	-1.687	-1.680	-0.013	2.310	0.550
	695.187	-1.687	-1.683	-0.016	2.316	0.550
	696.187	-1.684	-1.686	-0.022	2.337	0.551
	697.187	-1.684	-1.687	-0.023	2.339	0.552
	698.187	-1.686	-1.687	-0.022	2.334	0.553
	699.187	-1.685	-1.688	-0.023	2.340	0.553
	700.187	-1.687	-1.690	-0.024	2.341	0.554
	701.187	-1.687	-1.690	-0.023	2.337	0.555
	702.187	-1.684	-1.687	-0.024	2.340	0.553
	703.187	-1.685	-1.688	-0.023	2.338	0.554
	704.187	-1.686	-1.698	-0.033	2.370	0.553
	705.187	-1.686	-1.699	-0.034	2.374	0.552
	706.187	-1.686	-1.700	-0.035	2.377	0.552
	707.187	-1.689	-1.703	-0.035	2.378	0.553
	708.187	-1.690	-1.692	-0.021	2.333	0.555
	709.187	-1.687	-1.683	-0.016	2.314	0.555
	710.187	-1.684	-1.692	-0.027	2.350	0.553
	711.187	-1.684	-1.687	-0.023	2.336	0.553
	712.187	-1.686	-1.688	-0.023	2.335	0.554
	713.187	-1.691	-1.707	-0.038	2.386	0.554
	714.187	-1.693	-1.701	-0.028	2.355	0.555
	715.187	-1.690	-1.697	-0.026	2.349	0.555
	716.187	-1.690	-1.706	-0.036	2.381	0.554
	717.187	-1.691	-1.709	-0.039	2.391	0.553
	718.187	-1.689	-1.701	-0.033	2.371	0.550
	719.187	-1.690	-1.706	-0.037	2.386	0.551
	720.187	-1.687	-1.687	-0.020	2.330	0.550
	721.187	-1.687	-1.681	-0.014	2.308	0.550
	722.187	-1.688	-1.677	-0.009	2.289	0.551
	723.187	-1.686	-1.685	-0.019	2.322	0.550
	724.187	-1.687	-1.690	-0.023	2.334	0.552
	725.187	-1.690	-1.691	-0.020	2.325	0.554
	726.187	-1.685	-1.690	-0.026	2.342	0.551
	727.187	-1.692	-1.709	-0.039	2.386	0.553
	728.187	-1.695	-1.709	-0.036	2.376	0.555
	729.187	-1.684	-1.686	-0.022	2.330	0.552
	730.187	-1.692	-1.705	-0.033	2.368	0.554
	731.187	-1.692	-1.703	-0.031	2.361	0.550
	732.187	-1.691	-1.709	-0.039	2.387	0.552
	733.187	-1.699	-1.707	-0.029	2.356	0.555
	734.187	-1.700	-1.705	-0.025	2.341	0.554
	735.187	-1.699	-1.712	-0.034	2.370	0.555
	736.187	-1.697	-1.703	-0.026	2.345	0.555
	737.187	-1.692	-1.685	-0.012	2.299	0.555
	738.187	-1.693	-1.677	-0.003	2.264	0.554
	739.187	-1.691	-1.677	-0.004	2.269	0.554
	740.187	-1.691	-1.677	-0.005	2.269	0.554
	741.187	-1.694	-1.699	-0.025	2.333	0.555
	742.187	-1.685	-1.689	-0.024	2.329	0.554
	743.187	-1.687	-1.691	-0.024	2.329	0.554
	744.187	-1.690	-1.689	-0.019	2.313	0.555
	745.187	-1.690	-1.692	-0.022	2.321	0.555
	746.187	-1.690	-1.695	-0.024	2.329	0.555
	747.187	-1.694	-1.709	-0.037	2.370	0.554
	748.187	-1.696	-1.722	-0.048	2.408	0.555
	749.187	-1.693	-1.707	-0.035	2.366	0.555
	750.187	-1.688	-1.700	-0.033	2.359	0.554
	751.187	-1.690	-1.691	-0.020	2.317	0.555
	752.187	-1.695	-1.718	-0.044	2.396	0.555
	753.187	-1.699	-1.724	-0.045	2.403	0.555
	754.187	-1.696	-1.724	-0.050	2.419	0.554
	755.187	-1.696	-1.700	-0.024	2.333	0.555
	756.187	-1.700	-1.704	-0.025	2.337	0.554
	757.187	-1.699	-1.712	-0.033	2.364	0.555
	758.187	-1.700	-1.706	-0.025	2.337	0.555
	759.187	-1.700	-1.704	-0.024	2.333	0.555
	760.187	-1.699	-1.713	-0.036	2.371	0.554
	761.187	-1.701	-1.722	-0.041	2.391	0.554
	762.187	-1.705	-1.723	-0.039	2.384	0.555
	763.187	-1.706	-1.719	-0.033	2.367	0.554
	764.187	-1.703	-1.709	-0.026	2.342	0.555
	765.187	-1.702	-1.708	-0.027	2.345	0.554
	766.187	-1.706	-1.707	-0.020	2.323	0.554
	767.187	-1.708	-1.714	-0.026	2.341	0.553
	768.187	-1.707	-1.718	-0.032	2.360	0.555
	769.187	-1.708	-1.717	-0.028	2.349	0.555
	770.187	-1.709	-1.715	-0.025	2.339	0.554
	771.187	-1.708	-1.712	-0.023	2.330	0.554
	772.187	-1.707	-1.716	-0.029	2.351	0.551
	773.187	-1.707	-1.714	-0.027	2.343	0.552
	774.187	-1.705	-1.710	-0.025	2.337	0.553
	775.187	-1.701	-1.706	-0.025	2.337	0.551
	776.187	-1.705	-1.708	-0.022	2.327	0.553
	777.187	-1.707	-1.717	-0.030	2.353	0.555
	778.187	-1.703	-1.722	-0.039	2.385	0.553
	779.187	-1.703	-1.720	-0.038	2.379	0.552
	780.187	-1.703	-1.721	-0.038	2.381	0.552
	781.187	-1.704	-1.720	-0.036	2.376	0.550
	782.187	-1.708	-1.713	-0.025	2.340	0.554
	783.187	-1.710	-1.703	-0.012	2.296	0.553
	784.187	-1.710	-1.700	-0.010	2.285	0.552
	785.187	-1.707	-1.691	-0.003	2.260	0.552
	786.187	-1.707	-1.687	0.001	2.246	0.554
	787.187	-1.707	-1.696	-0.007	2.271	0.553
	788.187	-1.704	-1.695	-0.010	2.279	0.552
	789.187	-1.700	-1.703	-0.023	2.321	0.550
	790.187	-1.701	-1.716	-0.035	2.360	0.550
	791.187	-1.703	-1.715	-0.033	2.352	0.551
	792.187	-1.701	-1.707	-0.026	2.330	0.554
	793.187	-1.698	-1.712	-0.035	2.358	0.551
	794.187	-1.703	-1.716	-0.034	2.356	0.552
	795.187	-1.703	-1.717	-0.034	2.358	0.552
	796.187	-1.704	-1.720	-0.037	2.370	0.552
	797.187	-1.705	-1.720	-0.035	2.362	0.552
	798.187	-1.706	-1.719	-0.034	2.359	0.555
	799.187	-1.705	-1.722	-0.037	2.370	0.555
	800.187	-1.704	-1.725	-0.041	2.385	0.554
	801.187	-1.708	-1.717	-0.029	2.344	0.554
	802.187	-1.708	-1.714	-0.026	2.336	0.553
	803.187	-1.708	-1.712	-0.025	2.331	0.552
	804.187	-1.704	-1.716	-0.032	2.356	0.550
	805.187	-1.707	-1.709	-0.021	2.319	0.552
	806.187	-1.703	-1.702	-0.019	2.309	0.551
	807.187	-1.704	-1.699	-0.014	2.293	0.552
	808.187	-1.703	-1.711	-0.028	2.339	0.551
	809.187	-1.698	-1.701	-0.022	2.320	0.550
	810.187	-1.697	-1.702	-0.025	2.328	0.550
	811.187	-1.699	-1.702	-0.023	2.319	0.551
	812.187	-1.704	-1.715	-0.031	2.346	0.551
	813.187	-1.702	-1.716	-0.035	2.359	0.551
	814.187	-1.703	-1.719	-0.037	2.366	0.551
	815.187	-1.700	-1.704	-0.024	2.326	0.551
	816.187	-1.699	-1.696	-0.015	2.296	0.552
	817.187	-1.702	-1.697	-0.014	2.290	0.553
	818.187	-1.698	-1.716	-0.039	2.370	0.550
	819.187	-1.697	-1.704	-0.028	2.338	0.550
	820.187	-1.697	-1.699	-0.022	2.316	0.551
	821.187	-1.694	-1.694	-0.019	2.306	0.550
	822.187	-1.700	-1.707	-0.026	2.329	0.551
	823.187	-1.700	-1.726	-0.047	2.400	0.550
	824.187	-1.701	-1.712	-0.030	2.345	0.551
	825.187	-1.701	-1.719	-0.038	2.369	0.550
	826.187	-1.707	-1.715	-0.027	2.335	0.552
	827.187	-1.705	-1.703	-0.018	2.304	0.552
	828.187	-1.697	-1.681	-0.003	2.251	0.551
	829.187	-1.697	-1.680	-0.001	2.245	0.552
	830.187	-1.703	-1.704	-0.020	2.305	0.552
	831.187	-1.703	-1.714	-0.031	2.340	0.551
	832.187	-1.703	-1.712	-0.028	2.333	0.552
	833.187	-1.697	-1.687	-0.009	2.266	0.555
	834.187	-1.694	-1.676	-0.001	2.238	0.552
	835.187	-1.694	-1.681	-0.007	2.254	0.552
	836.187	-1.692	-1.700	-0.029	2.328	0.550
	837.187	-1.692	-1.711	-0.038	2.362	0.550
	838.187	-1.698	-1.713	-0.035	2.351	0.551
	839.187	-1.694	-1.709	-0.035	2.350	0.550
	840.187	-1.691	-1.682	-0.009	2.265	0.551
	841.187	-1.692	-1.677	-0.004	2.246	0.553
	842.187	-1.689	-1.678	-0.008	2.256	0.552
	843.187	-1.693	-1.701	-0.028	2.321	0.555
	844.187	-1.691	-1.707	-0.036	2.348	0.550
	845.187	-1.690	-1.681	-0.009	2.260	0.553
	846.187	-1.691	-1.695	-0.025	2.309	0.551
	847.187	-1.687	-1.695	-0.028	2.322	0.551
	848.187	-1.689	-1.716	-0.047	2.385	0.550
	849.187	-1.682	-1.683	-0.020	2.295	0.550
	850.187	-1.682	-1.681	-0.018	2.288	0.550
	851.187	-1.682	-1.690	-0.029	2.323	0.552
	852.187	-1.683	-1.690	-0.027	2.319	0.553
	853.187	-1.681	-1.691	-0.029	2.325	0.552
	854.187	-1.683	-1.695	-0.033	2.336	0.552
	855.187	-1.683	-1.693	-0.029	2.326	0.550
	856.187	-1.684	-1.690	-0.026	2.315	0.550
	857.187	-1.689	-1.692	-0.023	2.305	0.551
	858.187	-1.688	-1.714	-0.046	2.384	0.550
	859.187	-1.687	-1.699	-0.031	2.332	0.550
	860.187	-1.685	-1.702	-0.036	2.351	0.550
	861.187	-1.683	-1.689	-0.025	2.313	0.550
	862.187	-1.681	-1.683	-0.022	2.305	0.552
	863.187	-1.686	-1.690	-0.023	2.307	0.554
	864.187	-1.683	-1.688	-0.025	2.313	0.551
	865.187	-1.687	-1.699	-0.032	2.336	0.553
	866.187	-1.687	-1.702	-0.035	2.347	0.551
	867.187	-1.686	-1.689	-0.023	2.306	0.554
	868.187	-1.691	-1.696	-0.025	2.314	0.555
	869.187	-1.685	-1.689	-0.024	2.308	0.553
	870.187	-1.686	-1.692	-0.026	2.314	0.553
	871.187	-1.685	-1.692	-0.026	2.315	0.553
	872.187	-1.687	-1.698	-0.031	2.332	0.553
	873.187	-1.684	-1.690	-0.026	2.315	0.552
	874.187	-1.688	-1.691	-0.023	2.304	0.554
	875.187	-1.685	-1.689	-0.024	2.307	0.553
	876.187	-1.686	-1.692	-0.025	2.312	0.554
	877.187	-1.685	-1.694	-0.029	2.322	0.553
	878.187	-1.685	-1.696	-0.031	2.329	0.551
	879.187	-1.685	-1.697	-0.031	2.331	0.551
	880.187	-1.684	-1.687	-0.023	2.304	0.551
	881.187	-1.684	-1.686	-0.021	2.296	0.551
	882.187	-1.684	-1.690	-0.027	2.315	0.551
	883.187	-1.684	-1.694	-0.029	2.323	0.551
	884.187	-1.686	-1.694	-0.027	2.317	0.550
	885.187	-1.686	-1.683	-0.016	2.279	0.551
	886.187	-1.687	-1.682	-0.014	2.269	0.551
	887.187	-1.684	-1.694	-0.030	2.323	0.551
	888.187	-1.682	-1.690	-0.028	2.317	0.551
	889.187	-1.682	-1.692	-0.030	2.323	0.551
	890.219	-1.681	-1.690	-0.027	2.316	0.551
	891.219	-1.681	-1.690	-0.028	2.318	0.551
	892.219	-1.681	-1.690	-0.028	2.317	0.551
	893.219	-1.681	-1.690	-0.028	2.317	0.551
	894.219	-1.682	-1.691	-0.029	2.321	0.552
	895.219	-1.683	-1.693	-0.030	2.324	0.551
	896.219	-1.684	-1.693	-0.029	2.322	0.550
	897.219	-1.687	-1.683	-0.015	2.273	0.552
	898.219	-1.687	-1.697	-0.030	2.323	0.551
	899.219	-1.689	-1.715	-0.047	2.380	0.550
	900.219	-1.689	-1.704	-0.035	2.341	0.550
	901.219	-1.689	-1.702	-0.033	2.335	0.550
	902.219	-1.691	-1.696	-0.024	2.306	0.551
	903.219	-1.692	-1.699	-0.026	2.313	0.551
	904.219	-1.687	-1.687	-0.020	2.292	0.550
	905.219	-1.688	-1.696	-0.028	2.316	0.550
	906.219	-1.695	-1.708	-0.034	2.337	0.551
	907.250	-1.693	-1.711	-0.038	2.352	0.550
	908.250	-1.692	-1.709	-0.037	2.349	0.550
	909.250	-1.693	-1.700	-0.027	2.317	0.551
	910.250	-1.695	-1.713	-0.038	2.354	0.550
	911.250	-1.695	-1.708	-0.033	2.338	0.550
	912.250	-1.692	-1.708	-0.035	2.343	0.551
	913.250	-1.695	-1.708	-0.034	2.340	0.553
	914.250	-1.695	-1.710	-0.035	2.347	0.552
	915.250	-1.695	-1.708	-0.033	2.339	0.552
	916.250	-1.695	-1.705	-0.029	2.327	0.550
	917.250	-1.695	-1.697	-0.022	2.302	0.550
	918.250	-1.694	-1.699	-0.024	2.310	0.552
	919.250	-1.692	-1.686	-0.013	2.271	0.553
	920.250	-1.689	-1.681	-0.011	2.264	0.551
	921.250	-1.689	-1.683	-0.013	2.268	0.551
	922.250	-1.688	-1.683	-0.014	2.271	0.551
	923.250	-1.687	-1.687	-0.019	2.286	0.551
	924.250	-1.689	-1.686	-0.016	2.274	0.554
	925.250	-1.686	-1.687	-0.021	2.290	0.552
	926.250	-1.686	-1.687	-0.020	2.288	0.553
	927.250	-1.685	-1.689	-0.023	2.298	0.552
	928.250	-1.684	-1.691	-0.026	2.307	0.551
	929.250	-1.686	-1.692	-0.025	2.303	0.550
	930.250	-1.684	-1.686	-0.021	2.290	0.551
	931.250	-1.683	-1.692	-0.028	2.312	0.552
	932.250	-1.682	-1.691	-0.028	2.314	0.551
	933.250	-1.688	-1.709	-0.041	2.355	0.553
	934.250	-1.691	-1.724	-0.054	2.402	0.551
	935.250	-1.692	-1.726	-0.055	2.406	0.551
	936.250	-1.691	-1.703	-0.032	2.330	0.550
	937.250	-1.696	-1.728	-0.053	2.402	0.552
	938.250	-1.696	-1.717	-0.040	2.362	0.554
	939.250	-1.699	-1.724	-0.045	2.379	0.553
	940.250	-1.701	-1.728	-0.048	2.389	0.552
	941.250	-1.702	-1.727	-0.045	2.381	0.551
	942.250	-1.704	-1.725	-0.040	2.368	0.552
	943.250	-1.705	-1.723	-0.038	2.362	0.552
	944.250	-1.707	-1.722	-0.035	2.352	0.552
	945.250	-1.707	-1.720	-0.032	2.342	0.552
	946.250	-1.713	-1.716	-0.022	2.309	0.555
	947.250	-1.713	-1.716	-0.022	2.309	0.554
	948.250	-1.713	-1.715	-0.022	2.305	0.554
	949.250	-1.711	-1.718	-0.026	2.321	0.553
	950.250	-1.712	-1.716	-0.024	2.311	0.554
	951.250	-1.715	-1.712	-0.016	2.285	0.555
	952.250	-1.714	-1.712	-0.017	2.288	0.555
	953.250	-1.713	-1.714	-0.020	2.295	0.555
	954.250	-1.713	-1.714	-0.019	2.293	0.555
	955.250	-1.713	-1.715	-0.022	2.301	0.555
	956.250	-1.713	-1.714	-0.020	2.295	0.552
	957.250	-1.712	-1.716	-0.022	2.301	0.555
	958.250	-1.705	-1.709	-0.023	2.303	0.552
	959.250	-1.710	-1.712	-0.020	2.293	0.554
	960.250	-1.709	-1.719	-0.029	2.321	0.553
	961.250	-1.708	-1.712	-0.023	2.302	0.554
	962.250	-1.712	-1.717	-0.025	2.306	0.555
	963.250	-1.715	-1.712	-0.017	2.280	0.554
	964.250	-1.714	-1.709	-0.014	2.270	0.553
	965.250	-1.713	-1.711	-0.018	2.282	0.552
	966.250	-1.711	-1.710	-0.017	2.279	0.554
	967.250	-1.710	-1.712	-0.020	2.287	0.555
	968.250	-1.712	-1.713	-0.021	2.289	0.554
	969.250	-1.711	-1.713	-0.022	2.291	0.553
	970.250	-1.710	-1.712	-0.021	2.288	0.553
	971.250	-1.710	-1.710	-0.020	2.283	0.553
	972.250	-1.709	-1.715	-0.025	2.300	0.552
	973.250	-1.710	-1.714	-0.024	2.296	0.552
	974.250	-1.709	-1.710	-0.020	2.282	0.554
	975.250	-1.708	-1.707	-0.019	2.276	0.554
	976.250	-1.708	-1.711	-0.023	2.290	0.554
	977.250	-1.709	-1.719	-0.030	2.313	0.554
	978.250	-1.709	-1.718	-0.029	2.310	0.554
	979.250	-1.704	-1.703	-0.018	2.272	0.554
	980.250	-1.704	-1.715	-0.030	2.313	0.555
	981.250	-1.706	-1.711	-0.025	2.297	0.552
	982.250	-1.708	-1.717	-0.029	2.310	0.554
	983.250	-1.707	-1.722	-0.035	2.330	0.555
	984.250	-1.708	-1.717	-0.028	2.307	0.554
	985.250	-1.708	-1.716	-0.027	2.303	0.554
	986.250	-1.702	-1.707	-0.022	2.289	0.551
	987.250	-1.705	-1.704	-0.018	2.273	0.553
	988.250	-1.702	-1.697	-0.014	2.258	0.552
	989.250	-1.701	-1.695	-0.013	2.251	0.553
	990.250	-1.700	-1.697	-0.016	2.261	0.555
	991.250	-1.706	-1.719	-0.032	2.317	0.552
	992.250	-1.703	-1.711	-0.027	2.299	0.553
	993.250	-1.699	-1.695	-0.015	2.257	0.554
	994.250	-1.699	-1.698	-0.017	2.265	0.554
	995.250	-1.696	-1.691	-0.013	2.251	0.553
	996.250	-1.694	-1.694	-0.018	2.267	0.555
	997.250	-1.695	-1.692	-0.016	2.258	0.555
	998.250	-1.695	-1.694	-0.018	2.262	0.553
	999.250	-1.698	-1.712	-0.034	2.317	0.555
	1000.250	-1.696	-1.706	-0.030	2.304	0.555
	1001.250	-1.695	-1.703	-0.027	2.295	0.555
	1002.250	-1.693	-1.692	-0.018	2.262	0.553
	1003.250	-1.692	-1.690	-0.016	2.257	0.554
	1004.250	-1.692	-1.688	-0.015	2.253	0.554
	1005.250	-1.690	-1.688	-0.017	2.256	0.554
	1006.250	-1.688	-1.689	-0.019	2.265	0.552
	1007.250	-1.685	-1.698	-0.032	2.307	0.554
	1008.250	-1.683	-1.698	-0.035	2.317	0.551
	1009.250	-1.689	-1.696	-0.026	2.287	0.555
	1010.250	-1.691	-1.695	-0.023	2.278	0.555
	1011.250	-1.690	-1.695	-0.025	2.281	0.552
	1012.250	-1.685	-1.698	-0.032	2.308	0.551
	1013.250	-1.684	-1.697	-0.032	2.308	0.551
	1014.250	-1.684	-1.692	-0.028	2.293	0.551
	1015.250	-1.684	-1.698	-0.034	2.313	0.551
	1016.250	-1.696	-1.726	-0.051	2.371	0.551
	1017.250	-1.694	-1.722	-0.048	2.363	0.555
	1018.250	-1.699	-1.726	-0.047	2.359	0.553
	1019.250	-1.692	-1.703	-0.031	2.307	0.551
	1020.250	-1.695	-1.698	-0.023	2.279	0.554
	1021.250	-1.696	-1.704	-0.027	2.293	0.553
	1022.250	-1.691	-1.683	-0.010	2.237	0.554
	1023.250	-1.690	-1.683	-0.011	2.237	0.555
	1024.250	-1.687	-1.683	-0.014	2.247	0.552
	1025.250	-1.687	-1.685	-0.017	2.256	0.552
	1026.250	-1.687	-1.686	-0.017	2.254	0.553
	1027.250	-1.687	-1.687	-0.019	2.259	0.555
	1028.250	-1.686	-1.693	-0.027	2.285	0.552
	1029.250	-1.685	-1.690	-0.024	2.276	0.552
	1030.250	-1.689	-1.704	-0.035	2.312	0.554
	1031.250	-1.685	-1.692	-0.025	2.282	0.555
	1032.250	-1.691	-1.713	-0.042	2.336	0.553
	1033.250	-1.691	-1.723	-0.052	2.373	0.555
	1034.250	-1.684	-1.713	-0.049	2.366	0.553
	1035.250	-1.693	-1.710	-0.038	2.328	0.555
	1036.250	-1.689	-1.690	-0.019	2.267	0.553
	1037.250	-1.691	-1.696	-0.023	2.278	0.553
	1038.250	-1.688	-1.691	-0.023	2.278	0.551
	1039.250	-1.684	-1.687	-0.021	2.271	0.551
	1040.250	-1.686	-1.685	-0.018	2.260	0.551
	1041.250	-1.686	-1.685	-0.019	2.262	0.551
	1042.250	-1.688	-1.684	-0.014	2.245	0.554
	1043.250	-1.687	-1.684	-0.016	2.249	0.553
	1044.250	-1.687	-1.687	-0.019	2.258	0.554
	1045.250	-1.682	-1.695	-0.033	2.305	0.551
	1046.250	-1.683	-1.691	-0.027	2.287	0.551
	1047.250	-1.685	-1.689	-0.023	2.272	0.553
	1048.250	-1.685	-1.688	-0.022	2.269	0.553
	1049.250	-1.679	-1.695	-0.035	2.313	0.551
	1050.250	-1.680	-1.700	-0.040	2.330	0.551
	1051.250	-1.684	-1.693	-0.028	2.291	0.552
	1052.250	-1.688	-1.698	-0.029	2.294	0.555
	1053.250	-1.694	-1.722	-0.048	2.356	0.554
	1054.250	-1.686	-1.690	-0.023	2.275	0.552
	1055.250	-1.681	-1.693	-0.031	2.301	0.551
	1056.250	-1.683	-1.694	-0.031	2.299	0.551
	1057.250	-1.680	-1.694	-0.034	2.310	0.551
	1058.250	-1.681	-1.692	-0.030	2.298	0.551
	1059.250	-1.681	-1.693	-0.031	2.302	0.551
	1060.250	-1.683	-1.689	-0.025	2.283	0.551
	1061.250	-1.682	-1.696	-0.034	2.312	0.551
	1062.250	-1.685	-1.700	-0.035	2.315	0.551
	1063.250	-1.684	-1.692	-0.027	2.291	0.551
	1064.250	-1.684	-1.696	-0.032	2.305	0.552
	1065.250	-1.685	-1.696	-0.030	2.300	0.553
	1066.250	-1.683	-1.691	-0.027	2.291	0.551
	1067.250	-1.686	-1.691	-0.023	2.277	0.551
	1068.250	-1.684	-1.694	-0.030	2.297	0.551
	1069.250	-1.683	-1.692	-0.029	2.295	0.552
	1070.250	-1.687	-1.706	-0.039	2.329	0.551
	1071.250	-1.684	-1.692	-0.027	2.289	0.551
	1072.250	-1.686	-1.696	-0.029	2.297	0.551
	1073.250	-1.688	-1.699	-0.031	2.304	0.552
	1074.250	-1.688	-1.699	-0.030	2.299	0.553
	1075.250	-1.687	-1.695	-0.026	2.288	0.553
	1076.250	-1.685	-1.688	-0.022	2.273	0.551
	1077.250	-1.687	-1.682	-0.013	2.243	0.551
	1078.250	-1.686	-1.685	-0.018	2.257	0.551
	1079.250	-1.687	-1.705	-0.038	2.323	0.552
	1080.250	-1.685	-1.694	-0.028	2.292	0.551
	1081.250	-1.683	-1.690	-0.026	2.283	0.551
	1082.250	-1.684	-1.691	-0.027	2.287	0.551
	1083.250	-1.687	-1.692	-0.025	2.279	0.554
	1084.250	-1.685	-1.695	-0.030	2.298	0.551
	1085.250	-1.687	-1.704	-0.036	2.318	0.552
	1086.250	-1.689	-1.705	-0.036	2.318	0.551
	1087.250	-1.689	-1.698	-0.029	2.295	0.551
	1088.250	-1.693	-1.710	-0.038	2.324	0.551
	1089.281	-1.694	-1.697	-0.022	2.274	0.551
	1090.281	-1.691	-1.696	-0.025	2.282	0.551
	1091.281	-1.693	-1.694	-0.020	2.265	0.551
	1092.281	-1.685	-1.689	-0.022	2.272	0.551
	1093.281	-1.686	-1.689	-0.022	2.272	0.551
	1094.281	-1.686	-1.687	-0.020	2.262	0.551
	1095.281	-1.689	-1.684	-0.014	2.242	0.551
	1096.281	-1.685	-1.690	-0.023	2.273	0.551
	1097.281	-1.687	-1.697	-0.029	2.290	0.551
	1098.281	-1.689	-1.701	-0.032	2.300	0.551
	1099.281	-1.692	-1.711	-0.039	2.324	0.552
	1100.281	-1.691	-1.708	-0.037	2.317	0.552
	1101.281	-1.693	-1.712	-0.039	2.327	0.552
	1102.281	-1.694	-1.713	-0.039	2.325	0.552
	1103.281	-1.693	-1.702	-0.029	2.295	0.552
	1104.281	-1.695	-1.709	-0.034	2.311	0.551
	1105.281	-1.699	-1.715	-0.036	2.317	0.554
	1106.281	-1.701	-1.716	-0.035	2.315	0.554
	1107.281	-1.699	-1.717	-0.038	2.325	0.552
	1108.281	-1.700	-1.715	-0.035	2.317	0.551
	1109.281	-1.702	-1.719	-0.036	2.323	0.553
	1110.281	-1.703	-1.714	-0.031	2.303	0.550
	1111.281	-1.701	-1.711	-0.029	2.299	0.550
	1112.281	-1.701	-1.716	-0.034	2.315	0.551
	1113.281	-1.702	-1.716	-0.033	2.312	0.551
	1114.281	-1.703	-1.711	-0.028	2.295	0.552
	1115.281	-1.706	-1.702	-0.014	2.249	0.555
	1116.281	-1.701	-1.700	-0.018	2.260	0.552
	1117.281	-1.702	-1.702	-0.019	2.263	0.553
	1118.281	-1.706	-1.705	-0.018	2.260	0.554
	1119.281	-1.701	-1.696	-0.015	2.245	0.553
	1120.281	-1.695	-1.683	-0.006	2.216	0.553
	1121.281	-1.695	-1.679	-0.002	2.200	0.555
	1122.281	-1.701	-1.696	-0.015	2.240	0.555
	1123.281	-1.699	-1.706	-0.027	2.279	0.554
	1124.281	-1.697	-1.699	-0.021	2.261	0.554
	1125.281	-1.695	-1.695	-0.019	2.252	0.554
	1126.281	-1.692	-1.698	-0.024	2.271	0.553
	1127.281	-1.695	-1.699	-0.023	2.267	0.554
	1128.281	-1.695	-1.705	-0.029	2.285	0.554
	1129.281	-1.692	-1.705	-0.032	2.296	0.551
	1130.281	-1.693	-1.710	-0.036	2.310	0.552
	1131.281	-1.698	-1.725	-0.048	2.350	0.552
	1132.281	-1.697	-1.713	-0.036	2.312	0.553
	1133.281	-1.700	-1.729	-0.049	2.358	0.553
	1134.281	-1.700	-1.727	-0.047	2.353	0.551
	1135.281	-1.700	-1.708	-0.028	2.288	0.553
	1136.281	-1.705	-1.699	-0.012	2.236	0.555
	1137.281	-1.705	-1.699	-0.012	2.234	0.554
	1138.281	-1.700	-1.702	-0.021	2.262	0.554
	1139.281	-1.702	-1.722	-0.039	2.325	0.553
	1140.281	-1.708	-1.712	-0.023	2.270	0.554
	1141.281	-1.705	-1.721	-0.035	2.311	0.554
	1142.281	-1.702	-1.720	-0.038	2.319	0.552
	1143.281	-1.704	-1.724	-0.039	2.326	0.553
	1144.281	-1.704	-1.724	-0.040	2.332	0.552
	1145.281	-1.700	-1.700	-0.020	2.261	0.551
	1146.281	-1.707	-1.700	-0.013	2.235	0.555
	1147.281	-1.708	-1.720	-0.031	2.300	0.554
	1148.281	-1.708	-1.724	-0.035	2.312	0.554
	1149.281	-1.707	-1.720	-0.031	2.302	0.553
	1150.281	-1.709	-1.720	-0.031	2.298	0.553
	1151.281	-1.706	-1.719	-0.032	2.305	0.551
	1152.281	-1.708	-1.718	-0.029	2.294	0.552
	1153.281	-1.709	-1.715	-0.026	2.282	0.553
	1154.281	-1.708	-1.716	-0.027	2.289	0.551
	1155.281	-1.709	-1.718	-0.029	2.293	0.550
	1156.281	-1.710	-1.721	-0.031	2.297	0.551
	1157.281	-1.709	-1.718	-0.028	2.290	0.550
	1158.281	-1.711	-1.717	-0.024	2.277	0.550
	1159.281	-1.711	-1.715	-0.024	2.276	0.550
	1160.281	-1.709	-1.708	-0.017	2.252	0.552
	1161.281	-1.709	-1.703	-0.013	2.237	0.550
	1162.281	-1.712	-1.694	-0.001	2.195	0.552
	1163.281	-1.710	-1.717	-0.025	2.274	0.550
	1164.281	-1.710	-1.720	-0.030	2.291	0.551
	1165.281	-1.708	-1.718	-0.028	2.287	0.551
	1166.281	-1.709	-1.720	-0.030	2.292	0.551
	1167.281	-1.711	-1.721	-0.030	2.290	0.551
	1168.281	-1.710	-1.720	-0.028	2.285	0.553
	1169.281	-1.710	-1.719	-0.028	2.285	0.552
	1170.281	-1.708	-1.718	-0.028	2.285	0.552
	1171.281	-1.710	-1.714	-0.024	2.270	0.553
	1172.281	-1.711	-1.716	-0.024	2.271	0.553
	1173.281	-1.717	-1.712	-0.014	2.237	0.555
	1174.281	-1.715	-1.708	-0.011	2.227	0.554
	1175.281	-1.716	-1.713	-0.016	2.240	0.555
	1176.281	-1.710	-1.718	-0.027	2.275	0.553
	1177.281	-1.711	-1.718	-0.025	2.272	0.553
	1178.281	-1.711	-1.717	-0.026	2.273	0.553
	1179.281	-1.712	-1.716	-0.022	2.260	0.554
	1180.281	-1.708	-1.715	-0.026	2.271	0.552
	1181.281	-1.707	-1.713	-0.025	2.270	0.552
	1182.281	-1.710	-1.718	-0.027	2.275	0.553
	1183.281	-1.711	-1.720	-0.028	2.278	0.552
	1184.281	-1.714	-1.717	-0.022	2.257	0.554
	1185.281	-1.713	-1.711	-0.017	2.241	0.554
	1186.281	-1.714	-1.714	-0.019	2.247	0.554
	1187.281	-1.709	-1.712	-0.021	2.253	0.552
	1188.281	-1.711	-1.716	-0.025	2.262	0.552
	1189.281	-1.709	-1.715	-0.025	2.266	0.551
	1190.281	-1.709	-1.714	-0.024	2.261	0.551
	1191.281	-1.709	-1.709	-0.019	2.244	0.551
	1192.281	-1.709	-1.714	-0.025	2.265	0.551
	1193.281	-1.710	-1.718	-0.026	2.268	0.553
	1194.281	-1.714	-1.712	-0.018	2.237	0.555
	1195.281	-1.714	-1.712	-0.018	2.235	0.555
	1196.281	-1.707	-1.708	-0.018	2.238	0.554
	1197.281	-1.708	-1.701	-0.012	2.216	0.555
	1198.281	-1.706	-1.701	-0.013	2.219	0.555
	1199.281	-1.708	-1.710	-0.021	2.242	0.555
	1200.281	-1.709	-1.717	-0.027	2.265	0.554
