A	B
409.6	-0.19271
409.6005	-0.19258
409.601	-0.19246
409.6015	-0.19234
409.602	-0.19251
409.6025	-0.19259
409.603	-0.19266
409.6035	-0.19264
409.604	-0.19251
409.6045	-0.19269
409.605	-0.19269
409.6055	-0.1926
409.606	-0.19255
409.6065	-0.19243
409.607	-0.19258
409.6075	-0.19238
409.608	-0.19254
409.6085	-0.19255
409.609	-0.1925
409.6095	-0.1926
409.61	-0.19274
409.6105	-0.19256
409.611	-0.19256
409.6115	-0.19263
409.612	-0.19289
409.6125	-0.19261
409.613	-0.19241
409.6135	-0.19238
409.614	-0.19246
409.6145	-0.19272
409.615	-0.19278
409.6155	-0.19267
409.616	-0.19233
409.6165	-0.19267
409.617	-0.19267
409.6175	-0.19261
409.618	-0.19272
409.6185	-0.19247
409.619	-0.19261
409.6195	-0.19261
409.62	-0.19251
409.6205	-0.19243
409.621	-0.19266
409.6215	-0.19267
409.622	-0.19256
409.6225	-0.19271
409.623	-0.19263
409.6235	-0.19278
409.624	-0.1925
409.6245	-0.19271
409.625	-0.19284
409.6255	-0.19251
409.626	-0.19238
409.6265	-0.19266
409.627	-0.19263
409.6275	-0.19244
409.628	-0.19241
409.6285	-0.19246
409.629	-0.19258
409.6295	-0.19241
409.63	-0.1925
409.6305	-0.19256
409.631	-0.19261
409.6315	-0.19264
409.632	-0.19271
409.6325	-0.19256
409.633	-0.19278
409.6335	-0.19266
409.634	-0.19258
409.6345	-0.19288
409.635	-0.19247
409.6355	-0.19256
409.636	-0.19254
409.6365	-0.19307
409.637	-0.1925
409.6375	-0.19256
409.638	-0.19267
409.6385	-0.19266
409.639	-0.19242
409.6395	-0.19255
409.64	-0.19236
409.6405	-0.19272
409.641	-0.19251
409.6415	-0.19247
409.642	-0.19283
409.6425	-0.19285
409.643	-0.19272
409.6435	-0.19267
409.644	-0.19252
409.6445	-0.19271
409.645	-0.19224
409.6455	-0.19255
409.646	-0.19276
409.6465	-0.1925
409.647	-0.19238
409.6475	-0.19243
409.648	-0.1927
409.6485	-0.19253
409.649	-0.19273
409.6495	-0.19275
409.65	-0.19253
409.6505	-0.19249
409.651	-0.19254
409.6515	-0.19238
409.652	-0.19263
409.6525	-0.19272
409.653	-0.1926
409.6535	-0.19241
409.654	-0.19269
409.6545	-0.1923
409.655	-0.19253
409.6555	-0.19262
409.656	-0.19231
409.6565	-0.19291
409.657	-0.19238
409.6575	-0.19271
409.658	-0.19241
409.6585	-0.19246
409.659	-0.19252
409.6595	-0.19274
409.66	-0.19279
409.6605	-0.19266
409.661	-0.19247
409.6615	-0.19252
409.662	-0.19254
409.6625	-0.19262
409.663	-0.19242
409.6635	-0.19263
409.664	-0.19261
409.6645	-0.19264
409.665	-0.19261
409.6655	-0.19278
409.666	-0.19265
409.6665	-0.19267
409.667	-0.19247
409.6675	-0.19286
409.668	-0.19275
409.6685	-0.19277
409.669	-0.19244
409.6695	-0.19249
409.67	-0.19249
409.6705	-0.19237
409.671	-0.19275
409.6715	-0.19269
409.672	-0.1927
409.6725	-0.19259
409.673	-0.19256
409.6735	-0.19258
409.674	-0.19249
409.6745	-0.19258
409.675	-0.1925
409.6755	-0.19285
409.676	-0.19242
409.6765	-0.19257
409.677	-0.1928
409.6775	-0.19284
409.678	-0.1925
409.6785	-0.19244
409.679	-0.19267
409.6795	-0.19287
409.68	-0.19242
409.6805	-0.19274
409.681	-0.19263
409.6815	-0.1926
409.682	-0.19276
409.6825	-0.19269
409.683	-0.19277
409.6835	-0.19258
409.684	-0.19278
409.6845	-0.19257
409.685	-0.19239
409.6855	-0.19269
409.686	-0.19244
409.6865	-0.19275
409.687	-0.1926
409.6875	-0.1926
409.688	-0.19261
409.6885	-0.1925
409.689	-0.19274
409.6895	-0.19249
409.69	-0.19258
409.6905	-0.19243
409.691	-0.19276
409.6915	-0.19266
409.692	-0.19269
409.6925	-0.1926
409.693	-0.1928
409.6935	-0.19264
409.694	-0.19258
409.6945	-0.19275
409.695	-0.19275
409.6955	-0.19249
409.696	-0.19289
409.6965	-0.19272
409.697	-0.19256
409.6975	-0.19308
409.698	-0.19285
409.6985	-0.1927
409.699	-0.19291
409.6995	-0.19261
409.7	-0.19302
409.7005	-0.19242
409.701	-0.19289
409.7015	-0.19291
409.702	-0.19275
409.7025	-0.19292
409.703	-0.19255
409.7035	-0.19271
409.704	-0.19279
409.7045	-0.19269
409.705	-0.19272
409.7055	-0.19278
409.706	-0.19244
409.7065	-0.19263
409.707	-0.19292
409.7075	-0.19278
409.708	-0.19258
409.7085	-0.19306
409.709	-0.19296
409.7095	-0.19277
409.71	-0.19274
409.7105	-0.19289
409.711	-0.19324
409.7115	-0.19282
409.712	-0.19289
409.7125	-0.19263
409.713	-0.19271
409.7135	-0.19283
409.714	-0.19282
409.7145	-0.19286
409.715	-0.19283
409.7155	-0.19294
409.716	-0.1928
409.7165	-0.19271
409.717	-0.19272
409.7175	-0.19271
409.718	-0.19268
409.7185	-0.193
409.719	-0.19289
409.7195	-0.193
409.72	-0.19281
409.7205	-0.19294
409.721	-0.19285
409.7215	-0.19269
409.722	-0.19301
409.7225	-0.19304
409.723	-0.1928
409.7235	-0.19302
409.724	-0.19314
409.7245	-0.19302
409.725	-0.19305
409.7255	-0.19301
409.726	-0.19324
409.7265	-0.19322
409.727	-0.19336
409.7275	-0.19281
409.728	-0.19302
409.7285	-0.1933
409.729	-0.19302
409.7295	-0.19308
409.73	-0.19363
409.7305	-0.19316
409.731	-0.19361
409.7315	-0.1938
409.732	-0.19347
409.7325	-0.19326
409.733	-0.19353
409.7335	-0.19372
409.734	-0.19349
409.7345	-0.19355
409.735	-0.19313
409.7355	-0.19363
409.736	-0.19401
409.7365	-0.19369
409.737	-0.19388
409.7375	-0.19375
409.738	-0.19422
409.7385	-0.19393
409.739	-0.19438
409.7395	-0.19415
409.74	-0.19438
409.7405	-0.19493
409.741	-0.19493
409.7415	-0.1946
409.742	-0.19533
409.7425	-0.19504
409.743	-0.19555
409.7435	-0.19576
409.744	-0.19591
409.7445	-0.1965
409.745	-0.19582
409.7455	-0.1958
409.746	-0.19716
409.7465	-0.19761
409.747	-0.19721
409.7475	-0.19752
409.748	-0.19896
409.7485	-0.19817
409.749	-0.19862
409.7495	-0.19932
409.75	-0.19985
409.7505	-0.20106
409.751	-0.20198
409.7515	-0.2015
409.752	-0.20175
409.7525	-0.20297
409.753	-0.2042
409.7535	-0.20494
409.754	-0.20582
409.7545	-0.20628
409.755	-0.20825
409.7555	-0.20863
409.756	-0.21017
409.7565	-0.21011
409.757	-0.2128
409.7575	-0.21388
409.758	-0.21565
409.7585	-0.21458
409.759	-0.21592
409.7595	-0.21667
409.76	-0.22068
409.7605	-0.22053
409.761	-0.22097
409.7615	-0.22225
409.762	-0.22369
409.7625	-0.22615
409.763	-0.22666
409.7635	-0.22485
409.764	-0.22807
409.7645	-0.22855
409.765	-0.2296
409.7655	-0.23016
409.766	-0.23076
409.7665	-0.22694
409.767	-0.23139
409.7675	-0.23148
409.768	-0.23012
409.7685	-0.23047
409.769	-0.23068
409.7695	-0.22958
409.77	-0.22849
409.7705	-0.22886
409.771	-0.2305
409.7715	-0.22832
409.772	-0.22588
409.7725	-0.22771
409.773	-0.22891
409.7735	-0.22291
409.774	-0.22174
409.7745	-0.22316
409.775	-0.21945
409.7755	-0.21862
409.776	-0.22018
409.7765	-0.21649
409.777	-0.21749
409.7775	-0.21524
409.778	-0.2158
409.7785	-0.21313
409.779	-0.21093
409.7795	-0.20956
409.78	-0.2118
409.7805	-0.21055
409.781	-0.20867
409.7815	-0.20874
409.782	-0.20773
409.7825	-0.20616
409.783	-0.20584
409.7835	-0.20608
409.784	-0.2043
409.7845	-0.20253
409.785	-0.20332
409.7855	-0.20086
409.786	-0.20112
409.7865	-0.2022
409.787	-0.20002
409.7875	-0.20039
409.788	-0.20035
409.7885	-0.19921
409.789	-0.19769
409.7895	-0.19856
409.79	-0.19909
409.7905	-0.19763
409.791	-0.19752
409.7915	-0.19632
409.792	-0.19677
409.7925	-0.19675
409.793	-0.19638
409.7935	-0.19581
409.794	-0.19658
409.7945	-0.19634
409.795	-0.19511
409.7955	-0.19615
409.796	-0.19472
409.7965	-0.19518
409.797	-0.19506
409.7975	-0.19481
409.798	-0.19458
409.7985	-0.19475
409.799	-0.19468
409.7995	-0.19443
409.8	-0.19425
409.8005	-0.1945
409.801	-0.1938
409.8015	-0.19439
409.802	-0.1941
409.8025	-0.19409
409.803	-0.1943
409.8035	-0.19375
409.804	-0.1938
409.8045	-0.19373
409.805	-0.19366
409.8055	-0.19376
409.806	-0.194
409.8065	-0.1938
409.807	-0.19382
409.8075	-0.19329
409.808	-0.19366
409.8085	-0.19377
409.809	-0.19323
409.8095	-0.1943
409.81	-0.19368
409.8105	-0.19364
409.811	-0.19364
409.8115	-0.19424
409.812	-0.19352
409.8125	-0.19328
409.813	-0.19354
409.8135	-0.19397
409.814	-0.19352
409.8145	-0.19346
409.815	-0.19353
409.8155	-0.19349
409.816	-0.19364
409.8165	-0.19371
409.817	-0.19377
409.8175	-0.19357
409.818	-0.19424
409.8185	-0.19406
409.819	-0.19367
409.8195	-0.19403
409.82	-0.19384
409.8205	-0.19355
409.821	-0.19405
409.8215	-0.19344
409.822	-0.19385
409.8225	-0.19393
409.823	-0.19382
409.8235	-0.19367
409.824	-0.19411
409.8245	-0.19394
409.825	-0.19414
409.8255	-0.19401
409.826	-0.19402
409.8265	-0.19394
409.827	-0.19435
409.8275	-0.19416
409.828	-0.19408
409.8285	-0.19389
409.829	-0.19358
409.8295	-0.19393
409.83	-0.19444
409.8305	-0.19488
409.831	-0.19464
409.8315	-0.19386
409.832	-0.19462
409.8325	-0.19427
409.833	-0.1946
409.8335	-0.19476
409.834	-0.19466
409.8345	-0.19449
409.835	-0.19482
409.8355	-0.19488
409.836	-0.19483
409.8365	-0.19573
409.837	-0.195
409.8375	-0.19474
409.838	-0.19492
409.8385	-0.19525
409.839	-0.19568
409.8395	-0.19565
409.84	-0.19576
409.8405	-0.19596
409.841	-0.1955
409.8415	-0.19626
409.842	-0.19625
409.8425	-0.19667
409.843	-0.1973
409.8435	-0.19699
409.844	-0.19683
409.8445	-0.19783
409.845	-0.19751
409.8455	-0.1979
409.846	-0.19766
409.8465	-0.19818
409.847	-0.1981
409.8475	-0.19773
409.848	-0.19991
409.8485	-0.19983
409.849	-0.19937
409.8495	-0.19924
409.85	-0.20121
409.8505	-0.20167
409.851	-0.2028
409.8515	-0.20251
409.852	-0.20348
409.8525	-0.20448
409.853	-0.20467
409.8535	-0.20519
409.854	-0.20704
409.8545	-0.2076
409.855	-0.20854
409.8555	-0.209
409.856	-0.20876
409.8565	-0.21398
409.857	-0.21333
409.8575	-0.21608
409.858	-0.21807
409.8585	-0.21945
409.859	-0.2203
409.8595	-0.22128
409.86	-0.22455
409.8605	-0.23075
409.861	-0.22939
409.8615	-0.23181
409.862	-0.23445
409.8625	-0.23769
409.863	-0.24488
409.8635	-0.24531
409.864	-0.25209
409.8645	-0.25463
409.865	-0.2567
409.8655	-0.26286
409.866	-0.26576
409.8665	-0.27169
409.867	-0.28089
409.8675	-0.28063
409.868	-0.28666
409.8685	-0.29185
409.869	-0.29962
409.8695	-0.29989
409.87	-0.31557
409.8705	-0.31567
409.871	-0.32306
409.8715	-0.32346
409.872	-0.3376
409.8725	-0.34387
409.873	-0.34361
409.8735	-0.35345
409.874	-0.34536
409.8745	-0.36062
409.875	-0.36665
409.8755	-0.36738
409.876	-0.37104
409.8765	-0.3743
409.877	-0.37215
409.8775	-0.38035
409.878	-0.37636
409.8785	-0.37074
409.879	-0.38151
409.8795	-0.37468
409.88	-0.36982
409.8805	-0.37147
409.881	-0.38147
409.8815	-0.37738
409.882	-0.36855
409.8825	-0.36837
409.883	-0.36666
409.8835	-0.36459
409.884	-0.35886
409.8845	-0.35129
409.885	-0.34975
409.8855	-0.34284
409.886	-0.34298
409.8865	-0.33906
409.887	-0.334
409.8875	-0.32788
409.888	-0.32404
409.8885	-0.31256
409.889	-0.31056
409.8895	-0.30721
409.89	-0.29986
409.8905	-0.29393
409.891	-0.28648
409.8915	-0.28719
409.892	-0.28817
409.8925	-0.27579
409.893	-0.27601
409.8935	-0.26963
409.894	-0.26278
409.8945	-0.26024
409.895	-0.2589
409.8955	-0.25153
409.896	-0.25095
409.8965	-0.24699
409.897	-0.24511
409.8975	-0.24029
409.898	-0.241
409.8985	-0.23611
409.899	-0.23652
409.8995	-0.23293
409.9	-0.22874
409.9005	-0.22595
409.901	-0.22643
409.9015	-0.22172
409.902	-0.22113
409.9025	-0.21883
409.903	-0.2186
409.9035	-0.21686
409.904	-0.21357
409.9045	-0.21294
409.905	-0.21541
409.9055	-0.21051
409.906	-0.21115
409.9065	-0.20767
409.907	-0.20759
409.9075	-0.2067
409.908	-0.20506
409.9085	-0.20406
409.909	-0.20499
409.9095	-0.20268
409.91	-0.20325
409.9105	-0.20255
409.911	-0.20114
409.9115	-0.20255
409.912	-0.20139
409.9125	-0.19912
409.913	-0.19984
409.9135	-0.19919
409.914	-0.19859
409.9145	-0.19761
409.915	-0.19705
409.9155	-0.19732
409.916	-0.19688
409.9165	-0.19607
409.917	-0.19752
409.9175	-0.19709
409.918	-0.19693
409.9185	-0.19605
409.919	-0.19627
409.9195	-0.19627
409.92	-0.19607
409.9205	-0.19547
409.921	-0.19559
409.9215	-0.19501
409.922	-0.19458
409.9225	-0.19521
409.923	-0.19463
409.9235	-0.19517
409.924	-0.19455
409.9245	-0.19476
409.925	-0.1941
409.9255	-0.19413
409.926	-0.1944
409.9265	-0.19441
409.927	-0.19416
409.9275	-0.19429
409.928	-0.19434
409.9285	-0.19438
409.929	-0.19433
409.9295	-0.19432
409.93	-0.19377
409.9305	-0.19401
409.931	-0.194
409.9315	-0.19444
409.932	-0.19372
409.9325	-0.19385
409.933	-0.19389
409.9335	-0.19316
409.934	-0.19385
409.9345	-0.19345
409.935	-0.19416
409.9355	-0.19347
409.936	-0.19415
409.9365	-0.19381
409.937	-0.19419
409.9375	-0.19339
409.938	-0.19383
409.9385	-0.19303
409.939	-0.19324
409.9395	-0.19367
409.94	-0.19369
409.9405	-0.19327
409.941	-0.19321
409.9415	-0.19399
409.942	-0.19373
409.9425	-0.19324
409.943	-0.19327
409.9435	-0.19331
409.944	-0.19319
409.9445	-0.19316
409.945	-0.19322
409.9455	-0.19314
409.946	-0.19352
409.9465	-0.19307
409.947	-0.19321
409.9475	-0.19316
409.948	-0.19321
409.9485	-0.193
409.949	-0.1931
409.9495	-0.19285
409.95	-0.19283
409.9505	-0.19356
409.951	-0.19292
409.9515	-0.19307
409.952	-0.19296
409.9525	-0.19309
409.953	-0.19324
409.9535	-0.19333
409.954	-0.19286
409.9545	-0.193
409.955	-0.19313
409.9555	-0.19338
409.956	-0.19337
409.9565	-0.19302
409.957	-0.19292
409.9575	-0.19296
409.958	-0.19302
409.9585	-0.1931
409.959	-0.19278
409.9595	-0.19306
409.96	-0.19308
409.9605	-0.19303
409.961	-0.19276
409.9615	-0.1927
409.962	-0.19271
409.9625	-0.19293
409.963	-0.19264
409.9635	-0.19281
409.964	-0.19275
409.9645	-0.19264
409.965	-0.19289
409.9655	-0.19283
409.966	-0.19312
409.9665	-0.19337
409.967	-0.19307
409.9675	-0.19276
409.968	-0.19246
409.9685	-0.19283
409.969	-0.19284
409.9695	-0.19285
409.97	-0.19285
409.9705	-0.19305
409.971	-0.19325
409.9715	-0.19301
409.972	-0.1928
409.9725	-0.19293
409.973	-0.19299
409.9735	-0.19304
409.974	-0.19268
409.9745	-0.19264
409.975	-0.19274
409.9755	-0.19295
409.976	-0.19302
409.9765	-0.19257
409.977	-0.19263
409.9775	-0.19267
409.978	-0.19297
409.9785	-0.19291
409.979	-0.19333
409.9795	-0.19244
409.98	-0.19286
409.9805	-0.19273
409.981	-0.19281
409.9815	-0.19246
409.982	-0.19273
409.9825	-0.19262
409.983	-0.19269
409.9835	-0.19289
409.984	-0.19303
409.9845	-0.1925
409.985	-0.19269
409.9855	-0.19275
409.986	-0.1926
409.9865	-0.19247
409.987	-0.19283
409.9875	-0.19265
409.988	-0.1929
409.9885	-0.19307
409.989	-0.19277
409.9895	-0.19289
409.99	-0.19263
409.9905	-0.19253
409.991	-0.19267
409.9915	-0.1928
409.992	-0.19281
409.9925	-0.1925
409.993	-0.19256
409.9935	-0.19269
409.994	-0.1926
409.9945	-0.19253
409.995	-0.19253
409.9955	-0.19249
409.996	-0.19258
409.9965	-0.19275
409.997	-0.19264
409.9975	-0.19258
409.998	-0.19253
409.9985	-0.19293
409.999	-0.19294
409.9995	-0.1927
410	-0.19245
