	0.000	-1.705	-1.718	-0.029	1.901	0.237
	1.000	-1.705	-1.715	-0.026	1.891	0.237
	2.000	-1.704	-1.703	-0.015	1.854	0.237
	3.000	-1.708	-1.720	-0.028	1.898	0.237
	4.000	-1.706	-1.706	-0.015	1.855	0.236
	5.000	-1.705	-1.711	-0.021	1.875	0.237
	6.000	-1.704	-1.704	-0.015	1.855	0.237
	7.000	-1.706	-1.713	-0.022	1.876	0.237
	8.000	-1.708	-1.719	-0.027	1.891	0.237
	9.000	-1.703	-1.704	-0.016	1.855	0.236
	10.000	-1.707	-1.695	-0.002	1.808	0.236
	11.000	-1.698	-1.681	0.003	1.789	0.237
	12.000	-1.694	-1.694	-0.014	1.845	0.237
	13.000	-1.698	-1.694	-0.010	1.833	0.237
	14.000	-1.698	-1.717	-0.035	1.914	0.237
	15.000	-1.700	-1.698	-0.013	1.841	0.237
	16.000	-1.695	-1.702	-0.023	1.874	0.237
	17.000	-1.696	-1.708	-0.027	1.888	0.237
	18.000	-1.695	-1.705	-0.026	1.881	0.237
	19.000	-1.698	-1.710	-0.027	1.886	0.237
	20.000	-1.699	-1.709	-0.026	1.882	0.237
	21.000	-1.698	-1.705	-0.023	1.872	0.237
	22.000	-1.699	-1.717	-0.034	1.908	0.237
	23.000	-1.698	-1.707	-0.024	1.877	0.237
	24.000	-1.692	-1.713	-0.036	1.920	0.236
	25.000	-1.695	-1.716	-0.037	1.921	0.237
	26.000	-1.698	-1.725	-0.043	1.945	0.238
	27.000	-1.702	-1.723	-0.037	1.924	0.237
	28.000	-1.703	-1.722	-0.034	1.915	0.237
	29.000	-1.703	-1.718	-0.031	1.905	0.237
	30.000	-1.707	-1.716	-0.025	1.886	0.237
	31.000	-1.701	-1.714	-0.028	1.896	0.236
	32.000	-1.692	-1.683	-0.006	1.821	0.236
	33.000	-1.692	-1.698	-0.022	1.873	0.236
	34.000	-1.699	-1.722	-0.040	1.933	0.237
	35.000	-1.697	-1.715	-0.034	1.914	0.238
	36.000	-1.700	-1.718	-0.034	1.914	0.237
	37.000	-1.698	-1.705	-0.022	1.874	0.237
	38.000	-1.699	-1.706	-0.023	1.877	0.237
	39.000	-1.705	-1.722	-0.034	1.913	0.237
	40.000	-1.705	-1.720	-0.031	1.903	0.236
	41.000	-1.702	-1.712	-0.026	1.888	0.236
	42.000	-1.707	-1.713	-0.022	1.875	0.235
	43.000	-1.707	-1.715	-0.023	1.879	0.235
	44.000	-1.705	-1.713	-0.023	1.878	0.233
	45.000	-1.706	-1.707	-0.016	1.854	0.234
	46.000	-1.706	-1.699	-0.008	1.825	0.287
	47.000	-1.702	-1.671	0.017	1.740	0.439
	48.000	-1.696	-1.702	-0.021	1.864	0.482
	49.000	-1.697	-1.686	-0.003	1.802	0.481
	50.000	-1.694	-1.686	-0.007	1.813	0.479
	51.000	-1.694	-1.680	-0.000	1.789	0.468
	52.000	-1.693	-1.681	-0.003	1.795	0.475
	53.000	-1.692	-1.682	-0.004	1.800	0.482
	54.000	-1.692	-1.682	-0.004	1.798	0.483
	55.000	-1.691	-1.710	-0.035	1.900	0.484
	56.000	-1.689	-1.698	-0.023	1.862	0.484
	57.000	-1.691	-1.711	-0.035	1.904	0.484
	58.000	-1.695	-1.694	-0.014	1.831	0.482
	59.000	-1.692	-1.684	-0.007	1.805	0.482
	60.000	-1.692	-1.702	-0.025	1.866	0.483
	61.000	-1.690	-1.682	-0.006	1.802	0.483
	62.000	-1.691	-1.677	0.000	1.779	0.482
	63.000	-1.689	-1.698	-0.023	1.856	0.484
	64.000	-1.687	-1.698	-0.025	1.862	0.484
	65.000	-1.686	-1.719	-0.050	1.945	0.486
	66.000	-1.687	-1.727	-0.057	1.973	0.486
	67.000	-1.687	-1.713	-0.042	1.925	0.485
	68.000	-1.687	-1.698	-0.026	1.872	0.485
	69.000	-1.689	-1.721	-0.048	1.947	0.485
	70.000	-1.689	-1.699	-0.025	1.871	0.484
	71.000	-1.690	-1.711	-0.037	1.912	0.484
	72.000	-1.690	-1.704	-0.030	1.887	0.484
	73.000	-1.692	-1.703	-0.026	1.876	0.483
	74.000	-1.699	-1.721	-0.038	1.917	0.482
	75.000	-1.699	-1.699	-0.015	1.840	0.481
	76.016	-1.694	-1.679	0.001	1.787	0.482
	77.016	-1.693	-1.686	-0.008	1.813	0.482
	78.016	-1.695	-1.702	-0.021	1.855	0.482
	79.016	-1.695	-1.670	0.011	1.747	0.481
	80.016	-1.694	-1.672	0.009	1.752	0.481
	81.016	-1.689	-1.714	-0.041	1.916	0.484
	82.016	-1.687	-1.704	-0.032	1.889	0.485
	83.016	-1.688	-1.694	-0.021	1.851	0.484
	84.016	-1.694	-1.739	-0.062	1.989	0.485
	85.016	-1.690	-1.718	-0.045	1.933	0.485
	86.016	-1.688	-1.705	-0.032	1.893	0.485
	87.016	-1.689	-1.698	-0.023	1.864	0.484
	88.016	-1.691	-1.699	-0.023	1.863	0.483
	89.016	-1.694	-1.720	-0.041	1.923	0.483
	90.016	-1.693	-1.686	-0.007	1.812	0.482
	91.016	-1.690	-1.694	-0.017	1.844	0.483
	92.016	-1.693	-1.691	-0.012	1.826	0.482
	93.016	-1.694	-1.671	0.010	1.750	0.482
	94.016	-1.693	-1.675	0.005	1.762	0.482
	95.016	-1.695	-1.710	-0.030	1.881	0.483
	96.016	-1.690	-1.692	-0.016	1.834	0.484
	97.016	-1.688	-1.696	-0.023	1.856	0.484
	98.016	-1.690	-1.687	-0.011	1.817	0.483
	99.016	-1.690	-1.689	-0.013	1.822	0.483
	100.016	-1.692	-1.711	-0.034	1.890	0.483
	101.016	-1.692	-1.707	-0.031	1.880	0.484
	102.016	-1.698	-1.710	-0.028	1.872	0.483
	103.016	-1.691	-1.714	-0.039	1.909	0.485
	104.016	-1.684	-1.703	-0.032	1.896	0.486
	105.016	-1.687	-1.675	0.001	1.789	0.483
	106.016	-1.688	-1.718	-0.045	1.939	0.485
	107.016	-1.686	-1.724	-0.050	1.968	0.486
	108.016	-1.683	-1.692	-0.019	1.865	0.485
	109.016	-1.684	-1.695	-0.022	1.876	0.485
	110.016	-1.697	-1.711	-0.025	1.888	0.483
	111.016	-1.698	-1.708	-0.022	1.876	0.482
	112.016	-1.693	-1.700	-0.017	1.862	0.482
	113.016	-1.695	-1.713	-0.029	1.900	0.483
	114.016	-1.688	-1.677	0.002	1.798	0.483
	115.016	-1.691	-1.694	-0.014	1.848	0.483
	116.016	-1.690	-1.708	-0.029	1.899	0.484
	117.016	-1.685	-1.713	-0.039	1.936	0.485
	118.016	-1.696	-1.704	-0.018	1.863	0.482
	119.016	-1.694	-1.698	-0.014	1.850	0.482
	120.016	-1.689	-1.705	-0.027	1.894	0.484
	121.016	-1.695	-1.724	-0.041	1.942	0.484
	122.016	-1.690	-1.723	-0.045	1.958	0.485
	123.016	-1.693	-1.728	-0.047	1.967	0.484
	124.016	-1.688	-1.697	-0.019	1.873	0.484
	125.016	-1.689	-1.692	-0.014	1.856	0.484
	126.016	-1.690	-1.701	-0.021	1.880	0.483
	127.016	-1.691	-1.682	-0.001	1.813	0.483
	128.016	-1.691	-1.712	-0.032	1.915	0.484
	129.016	-1.694	-1.693	-0.009	1.838	0.482
	130.016	-1.693	-1.668	0.015	1.753	0.481
	131.016	-1.689	-1.683	-0.005	1.819	0.483
	132.016	-1.688	-1.706	-0.029	1.900	0.483
	133.016	-1.687	-1.697	-0.020	1.871	0.484
	134.016	-1.690	-1.679	0.002	1.796	0.483
	135.016	-1.684	-1.690	-0.016	1.855	0.484
	136.016	-1.685	-1.684	-0.009	1.828	0.483
	137.016	-1.692	-1.703	-0.021	1.869	0.482
	138.016	-1.695	-1.714	-0.030	1.900	0.483
	139.016	-1.689	-1.703	-0.025	1.883	0.483
	140.016	-1.684	-1.705	-0.032	1.907	0.485
	141.016	-1.675	-1.689	-0.025	1.885	0.484
	142.016	-1.683	-1.676	-0.003	1.811	0.484
	143.016	-1.676	-1.706	-0.041	1.940	0.486
	144.016	-1.683	-1.673	0.000	1.800	0.483
	145.016	-1.686	-1.681	-0.005	1.817	0.483
	146.016	-1.684	-1.678	-0.004	1.812	0.483
	147.016	-1.684	-1.675	-0.000	1.800	0.438
	148.016	-1.683	-1.682	-0.008	1.824	0.335
	149.016	-1.684	-1.695	-0.022	1.871	0.294
	150.016	-1.690	-1.711	-0.033	1.905	0.295
	151.016	-1.676	-1.693	-0.027	1.889	0.295
	152.016	-1.674	-1.681	-0.018	1.859	0.295
	153.016	-1.680	-1.705	-0.037	1.923	0.295
	154.016	-1.679	-1.696	-0.028	1.893	0.295
	155.016	-1.683	-1.707	-0.035	1.918	0.295
	156.016	-1.684	-1.710	-0.037	1.927	0.295
	157.016	-1.686	-1.699	-0.023	1.882	0.295
	158.016	-1.686	-1.688	-0.011	1.843	0.294
	159.016	-1.686	-1.672	0.005	1.787	0.294
	160.016	-1.683	-1.671	0.002	1.793	0.294
	161.016	-1.675	-1.659	0.006	1.777	0.293
	162.016	-1.676	-1.664	0.003	1.787	0.294
	163.016	-1.676	-1.666	-0.000	1.795	0.294
	164.016	-1.675	-1.670	-0.005	1.808	0.294
	165.016	-1.677	-1.690	-0.024	1.871	0.294
	166.016	-1.679	-1.708	-0.040	1.927	0.295
	167.016	-1.673	-1.676	-0.012	1.835	0.295
	168.016	-1.675	-1.669	-0.004	1.805	0.295
	169.016	-1.669	-1.673	-0.014	1.837	0.294
	170.016	-1.678	-1.729	-0.063	2.004	0.297
	171.016	-1.673	-1.687	-0.025	1.880	0.296
	172.016	-1.678	-1.682	-0.014	1.842	0.296
	173.016	-1.679	-1.682	-0.012	1.836	0.296
	174.016	-1.681	-1.684	-0.013	1.838	0.296
	175.016	-1.680	-1.683	-0.013	1.839	0.296
	176.016	-1.680	-1.697	-0.027	1.885	0.296
	177.016	-1.679	-1.692	-0.024	1.873	0.296
	178.016	-1.679	-1.687	-0.017	1.853	0.296
	179.016	-1.679	-1.696	-0.028	1.887	0.296
	180.016	-1.683	-1.710	-0.037	1.921	0.296
	181.016	-1.682	-1.707	-0.036	1.917	0.296
	182.016	-1.685	-1.712	-0.038	1.927	0.296
	183.016	-1.683	-1.715	-0.043	1.946	0.296
	184.016	-1.688	-1.724	-0.048	1.966	0.296
	185.016	-1.689	-1.724	-0.046	1.960	0.295
	186.016	-1.690	-1.705	-0.025	1.892	0.295
	187.016	-1.687	-1.688	-0.011	1.844	0.294
	188.016	-1.687	-1.681	-0.005	1.821	0.295
	189.016	-1.692	-1.715	-0.034	1.922	0.294
	190.016	-1.692	-1.702	-0.020	1.874	0.294
	191.016	-1.687	-1.685	-0.008	1.832	0.294
	192.016	-1.689	-1.698	-0.020	1.871	0.294
	193.016	-1.690	-1.693	-0.013	1.849	0.294
	194.016	-1.686	-1.701	-0.026	1.892	0.295
	195.016	-1.688	-1.681	-0.003	1.816	0.295
	196.016	-1.684	-1.701	-0.028	1.897	0.295
	197.016	-1.691	-1.695	-0.013	1.848	0.294
	198.016	-1.685	-1.690	-0.015	1.854	0.295
	199.016	-1.685	-1.689	-0.014	1.850	0.295
	200.016	-1.686	-1.685	-0.008	1.829	0.295
	201.016	-1.691	-1.709	-0.030	1.902	0.295
	202.016	-1.688	-1.696	-0.018	1.862	0.295
	203.016	-1.691	-1.687	-0.006	1.820	0.295
	204.016	-1.691	-1.690	-0.010	1.832	0.295
	205.016	-1.688	-1.682	-0.003	1.810	0.295
	206.016	-1.684	-1.684	-0.010	1.830	0.295
	207.016	-1.686	-1.682	-0.005	1.814	0.295
	208.016	-1.685	-1.679	-0.004	1.808	0.295
	209.016	-1.686	-1.679	-0.003	1.802	0.295
	210.016	-1.684	-1.678	-0.005	1.807	0.295
	211.016	-1.680	-1.691	-0.021	1.862	0.296
	212.016	-1.680	-1.700	-0.031	1.895	0.296
	213.016	-1.683	-1.694	-0.021	1.863	0.296
	214.016	-1.681	-1.697	-0.027	1.885	0.296
	215.016	-1.680	-1.700	-0.030	1.894	0.296
	216.016	-1.679	-1.698	-0.030	1.895	0.296
	217.016	-1.682	-1.685	-0.013	1.839	0.295
	218.016	-1.683	-1.681	-0.007	1.819	0.295
	219.016	-1.682	-1.694	-0.022	1.867	0.296
	220.016	-1.684	-1.713	-0.040	1.928	0.296
	221.016	-1.686	-1.713	-0.038	1.923	0.295
	222.016	-1.683	-1.686	-0.013	1.841	0.295
	223.016	-1.689	-1.694	-0.015	1.847	0.295
	224.016	-1.688	-1.685	-0.007	1.819	0.295
	225.016	-1.686	-1.695	-0.019	1.859	0.296
	226.016	-1.685	-1.686	-0.010	1.829	0.295
	227.016	-1.684	-1.688	-0.014	1.843	0.296
	228.016	-1.687	-1.685	-0.007	1.817	0.295
	229.016	-1.686	-1.678	-0.002	1.797	0.295
	230.016	-1.684	-1.680	-0.006	1.809	0.295
	231.016	-1.682	-1.690	-0.019	1.853	0.296
	232.016	-1.684	-1.683	-0.009	1.820	0.295
	233.016	-1.681	-1.695	-0.024	1.872	0.296
	234.016	-1.682	-1.691	-0.019	1.854	0.296
	235.016	-1.685	-1.692	-0.017	1.847	0.296
	236.016	-1.686	-1.685	-0.009	1.820	0.292
	237.016	-1.688	-1.694	-0.017	1.844	0.293
	238.016	-1.688	-1.703	-0.026	1.875	0.293
	239.016	-1.687	-1.698	-0.021	1.859	0.293
	240.016	-1.690	-1.706	-0.027	1.880	0.292
	241.016	-1.689	-1.715	-0.036	1.913	0.293
	242.016	-1.690	-1.737	-0.059	1.993	0.295
	243.016	-1.692	-1.726	-0.045	1.949	0.324
	244.016	-1.690	-1.721	-0.041	1.937	0.373
	245.016	-1.691	-1.716	-0.035	1.918	0.444
	246.016	-1.693	-1.718	-0.036	1.922	0.476
	247.016	-1.698	-1.701	-0.013	1.847	0.480
	248.016	-1.696	-1.733	-0.050	1.972	0.476
	249.016	-1.697	-1.731	-0.045	1.958	0.399
	250.016	-1.698	-1.729	-0.042	1.950	0.330
	251.016	-1.700	-1.718	-0.028	1.906	0.272
	252.016	-1.703	-1.693	-0.000	1.811	0.268
	253.016	-1.703	-1.706	-0.013	1.853	0.283
	254.016	-1.700	-1.706	-0.016	1.862	0.294
	255.016	-1.696	-1.673	0.014	1.758	0.294
	256.016	-1.702	-1.705	-0.013	1.848	0.269
	257.016	-1.702	-1.716	-0.024	1.885	0.232
	258.016	-1.701	-1.719	-0.029	1.903	0.259
	259.016	-1.702	-1.705	-0.013	1.847	0.318
	260.016	-1.700	-1.690	-0.000	1.804	0.318
	261.016	-1.702	-1.720	-0.028	1.898	0.318
	262.016	-1.694	-1.680	0.005	1.787	0.321
	263.016	-1.696	-1.683	0.005	1.783	0.320
	264.016	-1.700	-1.694	-0.004	1.812	0.288
	265.016	-1.697	-1.678	0.010	1.763	0.275
	266.016	-1.695	-1.683	0.003	1.785	0.276
	267.016	-1.693	-1.682	0.002	1.784	0.276
	268.016	-1.692	-1.670	0.014	1.744	0.276
	269.016	-1.692	-1.682	0.001	1.785	0.277
	270.016	-1.689	-1.685	-0.006	1.806	0.277
	271.031	-1.687	-1.679	-0.001	1.788	0.277
	272.031	-1.684	-1.691	-0.017	1.839	0.277
	273.031	-1.692	-1.701	-0.020	1.850	0.277
	274.031	-1.691	-1.722	-0.042	1.926	0.278
	275.031	-1.688	-1.709	-0.031	1.889	0.278
	276.031	-1.688	-1.707	-0.029	1.885	0.278
	277.031	-1.689	-1.698	-0.019	1.852	0.278
	278.031	-1.689	-1.692	-0.012	1.829	0.278
	279.031	-1.689	-1.701	-0.022	1.861	0.278
	280.031	-1.693	-1.707	-0.025	1.872	0.278
	281.031	-1.683	-1.687	-0.014	1.834	0.278
	282.031	-1.685	-1.725	-0.052	1.964	0.278
	283.031	-1.681	-1.691	-0.021	1.862	0.278
	284.031	-1.681	-1.688	-0.017	1.849	0.278
	285.031	-1.680	-1.684	-0.015	1.841	0.278
	286.031	-1.687	-1.702	-0.026	1.881	0.278
	287.031	-1.684	-1.676	-0.001	1.797	0.277
	288.031	-1.684	-1.693	-0.019	1.855	0.277
	289.031	-1.687	-1.710	-0.034	1.905	0.277
	290.031	-1.684	-1.705	-0.032	1.899	0.277
	291.031	-1.682	-1.683	-0.012	1.833	0.277
	292.031	-1.683	-1.683	-0.010	1.825	0.277
	293.031	-1.681	-1.688	-0.016	1.845	0.277
	294.031	-1.687	-1.688	-0.010	1.826	0.277
	295.031	-1.687	-1.688	-0.010	1.823	0.277
	296.031	-1.685	-1.685	-0.010	1.824	0.277
	297.031	-1.681	-1.689	-0.018	1.850	0.277
	298.031	-1.684	-1.689	-0.015	1.838	0.277
	299.031	-1.685	-1.679	-0.003	1.797	0.277
	300.031	-1.682	-1.688	-0.016	1.842	0.278
	301.031	-1.682	-1.687	-0.014	1.835	0.278
	302.031	-1.681	-1.691	-0.020	1.857	0.278
	303.031	-1.686	-1.682	-0.006	1.808	0.277
	304.031	-1.687	-1.686	-0.009	1.815	0.277
	305.031	-1.692	-1.722	-0.040	1.921	0.277
	306.031	-1.690	-1.711	-0.032	1.894	0.278
	307.031	-1.689	-1.698	-0.019	1.854	0.278
	308.031	-1.692	-1.722	-0.041	1.925	0.278
	309.031	-1.694	-1.725	-0.042	1.932	0.278
	310.031	-1.695	-1.719	-0.035	1.909	0.277
	311.031	-1.693	-1.696	-0.013	1.837	0.277
	312.031	-1.689	-1.692	-0.012	1.832	0.277
	313.031	-1.693	-1.681	0.004	1.779	0.277
	314.031	-1.693	-1.683	0.001	1.787	0.277
	315.031	-1.691	-1.687	-0.006	1.806	0.277
	316.031	-1.690	-1.697	-0.017	1.845	0.277
	317.031	-1.692	-1.686	-0.003	1.796	0.277
	318.031	-1.693	-1.719	-0.036	1.906	0.278
	319.031	-1.696	-1.711	-0.026	1.873	0.277
	320.031	-1.695	-1.726	-0.042	1.931	0.277
	321.031	-1.695	-1.727	-0.043	1.935	0.277
	322.031	-1.696	-1.725	-0.040	1.926	0.277
	323.031	-1.698	-1.724	-0.037	1.917	0.277
	324.031	-1.698	-1.715	-0.027	1.886	0.277
	325.031	-1.692	-1.683	-0.001	1.796	0.277
	326.031	-1.694	-1.673	0.012	1.750	0.276
	327.031	-1.692	-1.685	-0.002	1.795	0.277
	328.031	-1.690	-1.685	-0.005	1.805	0.277
	329.031	-1.693	-1.674	0.010	1.753	0.275
	330.031	-1.698	-1.695	-0.007	1.807	0.294
	331.031	-1.693	-1.689	-0.006	1.803	0.317
	332.031	-1.695	-1.712	-0.028	1.876	0.480
	333.031	-1.692	-1.709	-0.027	1.874	0.445
	334.031	-1.695	-1.673	0.013	1.739	0.449
	335.031	-1.694	-1.693	-0.008	1.808	0.451
	336.031	-1.693	-1.701	-0.018	1.842	0.447
	337.031	-1.695	-1.716	-0.031	1.888	0.255
	338.031	-1.696	-1.721	-0.035	1.902	0.270
	339.031	-1.695	-1.720	-0.036	1.904	0.270
	340.031	-1.696	-1.722	-0.036	1.908	0.274
	341.031	-1.696	-1.714	-0.027	1.879	0.274
	342.031	-1.698	-1.693	-0.004	1.799	0.272
	343.031	-1.699	-1.721	-0.033	1.899	0.274
	344.031	-1.695	-1.690	-0.005	1.804	0.274
	345.031	-1.697	-1.688	-0.000	1.786	0.274
	346.031	-1.694	-1.693	-0.009	1.813	0.274
	347.031	-1.692	-1.680	0.002	1.774	0.274
	348.031	-1.690	-1.685	-0.005	1.796	0.274
	349.031	-1.690	-1.688	-0.008	1.807	0.274
	350.031	-1.690	-1.688	-0.007	1.802	0.275
	351.031	-1.690	-1.690	-0.009	1.808	0.275
	352.031	-1.692	-1.686	-0.003	1.787	0.274
	353.031	-1.692	-1.698	-0.015	1.828	0.275
	354.031	-1.690	-1.690	-0.010	1.807	0.275
	355.031	-1.695	-1.698	-0.013	1.819	0.274
	356.031	-1.696	-1.714	-0.029	1.871	0.274
	357.031	-1.694	-1.721	-0.037	1.901	0.275
	358.031	-1.695	-1.730	-0.046	1.932	0.275
	359.031	-1.696	-1.727	-0.041	1.919	0.275
	360.031	-1.697	-1.716	-0.030	1.881	0.274
	361.031	-1.699	-1.712	-0.023	1.860	0.274
	362.031	-1.699	-1.721	-0.032	1.890	0.274
	363.031	-1.700	-1.722	-0.033	1.895	0.274
	364.031	-1.701	-1.718	-0.028	1.878	0.274
	365.031	-1.699	-1.702	-0.013	1.828	0.274
	366.031	-1.701	-1.703	-0.012	1.823	0.273
	367.031	-1.701	-1.688	0.005	1.765	0.273
	368.031	-1.699	-1.705	-0.016	1.834	0.274
	369.031	-1.698	-1.703	-0.015	1.830	0.274
	370.031	-1.699	-1.698	-0.009	1.810	0.273
	371.031	-1.697	-1.700	-0.011	1.818	0.274
	372.031	-1.699	-1.707	-0.018	1.839	0.274
	373.031	-1.699	-1.705	-0.016	1.834	0.274
	374.031	-1.699	-1.711	-0.022	1.852	0.274
	375.031	-1.700	-1.716	-0.026	1.866	0.274
	376.031	-1.700	-1.713	-0.023	1.857	0.274
	377.031	-1.701	-1.715	-0.024	1.861	0.274
	378.031	-1.701	-1.715	-0.024	1.861	0.274
	379.031	-1.702	-1.714	-0.022	1.855	0.274
	380.031	-1.703	-1.713	-0.020	1.847	0.273
	381.031	-1.703	-1.704	-0.011	1.816	0.273
	382.031	-1.702	-1.709	-0.016	1.834	0.273
	383.031	-1.699	-1.696	-0.006	1.800	0.273
	384.031	-1.700	-1.696	-0.005	1.794	0.274
	385.031	-1.695	-1.684	0.002	1.769	0.274
	386.031	-1.694	-1.684	0.002	1.768	0.274
	387.031	-1.697	-1.703	-0.015	1.824	0.274
	388.031	-1.697	-1.706	-0.019	1.836	0.274
	389.031	-1.699	-1.723	-0.035	1.889	0.274
	390.031	-1.698	-1.725	-0.037	1.899	0.274
	391.031	-1.699	-1.723	-0.035	1.894	0.274
	392.031	-1.699	-1.722	-0.033	1.889	0.274
	393.031	-1.699	-1.702	-0.013	1.821	0.274
	394.031	-1.695	-1.689	-0.003	1.788	0.274
	395.031	-1.695	-1.693	-0.007	1.799	0.274
	396.031	-1.695	-1.691	-0.005	1.790	0.274
	397.031	-1.696	-1.704	-0.017	1.832	0.274
	398.031	-1.693	-1.692	-0.008	1.802	0.274
	399.031	-1.692	-1.683	0.000	1.771	0.274
	400.031	-1.689	-1.687	-0.007	1.794	0.275
	401.031	-1.696	-1.703	-0.017	1.827	0.274
	402.031	-1.695	-1.699	-0.013	1.815	0.275
	403.031	-1.696	-1.728	-0.043	1.914	0.275
	404.031	-1.696	-1.726	-0.040	1.908	0.275
	405.031	-1.696	-1.721	-0.036	1.896	0.275
	406.031	-1.692	-1.697	-0.014	1.824	0.275
	407.031	-1.689	-1.687	-0.007	1.798	0.274
	408.031	-1.692	-1.695	-0.013	1.817	0.275
	409.031	-1.692	-1.693	-0.011	1.810	0.275
	410.031	-1.696	-1.725	-0.040	1.907	0.275
	411.031	-1.697	-1.725	-0.039	1.908	0.275
	412.031	-1.697	-1.721	-0.035	1.894	0.275
	413.031	-1.697	-1.709	-0.022	1.854	0.274
	414.031	-1.697	-1.718	-0.031	1.885	0.274
	415.031	-1.695	-1.701	-0.015	1.830	0.274
	416.031	-1.697	-1.681	0.007	1.754	0.276
	417.031	-1.693	-1.693	-0.010	1.811	0.296
	418.031	-1.698	-1.713	-0.025	1.859	0.318
	419.031	-1.696	-1.723	-0.037	1.902	0.406
	420.031	-1.696	-1.729	-0.044	1.926	0.473
	421.031	-1.696	-1.718	-0.033	1.889	0.477
	422.031	-1.696	-1.699	-0.013	1.824	0.486
	423.031	-1.699	-1.693	-0.003	1.790	0.474
	424.031	-1.698	-1.731	-0.044	1.928	0.469
	425.031	-1.700	-1.723	-0.034	1.896	0.475
	426.031	-1.699	-1.730	-0.042	1.924	0.479
	427.031	-1.700	-1.729	-0.040	1.920	0.483
	428.031	-1.701	-1.729	-0.039	1.920	0.485
	429.031	-1.704	-1.705	-0.011	1.825	0.483
	430.031	-1.703	-1.703	-0.010	1.820	0.484
	431.031	-1.703	-1.724	-0.032	1.894	0.484
	432.031	-1.704	-1.714	-0.020	1.856	0.484
	433.031	-1.704	-1.722	-0.029	1.885	0.483
	434.031	-1.705	-1.720	-0.026	1.875	0.483
	435.031	-1.705	-1.722	-0.027	1.880	0.483
	436.031	-1.706	-1.722	-0.026	1.879	0.483
	437.031	-1.708	-1.710	-0.012	1.831	0.482
	438.031	-1.706	-1.719	-0.023	1.868	0.482
	439.031	-1.708	-1.717	-0.020	1.858	0.482
	440.031	-1.707	-1.721	-0.024	1.872	0.482
	441.031	-1.708	-1.720	-0.022	1.865	0.482
	442.031	-1.708	-1.716	-0.018	1.851	0.482
	443.031	-1.707	-1.689	0.009	1.759	0.481
	444.031	-1.708	-1.679	0.020	1.719	0.481
	445.031	-1.707	-1.686	0.012	1.741	0.482
	446.031	-1.706	-1.704	-0.007	1.806	0.482
	447.031	-1.706	-1.709	-0.013	1.822	0.482
	448.031	-1.706	-1.716	-0.019	1.845	0.482
	449.031	-1.703	-1.723	-0.030	1.882	0.483
	450.031	-1.703	-1.720	-0.027	1.871	0.483
	451.031	-1.705	-1.714	-0.019	1.846	0.483
	452.031	-1.707	-1.705	-0.008	1.807	0.483
	453.031	-1.705	-1.712	-0.016	1.836	0.484
	454.031	-1.705	-1.722	-0.028	1.873	0.484
	455.031	-1.702	-1.718	-0.027	1.871	0.484
	456.031	-1.705	-1.705	-0.010	1.814	0.483
	457.031	-1.703	-1.689	0.005	1.764	0.483
	458.031	-1.698	-1.679	0.011	1.740	0.483
	459.031	-1.703	-1.718	-0.025	1.862	0.484
	460.031	-1.704	-1.715	-0.020	1.846	0.484
	461.031	-1.702	-1.726	-0.034	1.892	0.484
	462.031	-1.699	-1.718	-0.029	1.876	0.485
	463.031	-1.706	-1.696	0.001	1.773	0.482
	464.031	-1.704	-1.674	0.022	1.700	0.482
	465.031	-1.704	-1.709	-0.015	1.823	0.483
	466.031	-1.703	-1.707	-0.014	1.819	0.484
	467.031	-1.700	-1.670	0.021	1.698	0.483
	468.031	-1.702	-1.685	0.008	1.740	0.483
	469.031	-1.696	-1.693	-0.007	1.789	0.485
	470.031	-1.701	-1.693	-0.001	1.768	0.484
	471.031	-1.698	-1.716	-0.027	1.856	0.485
	472.031	-1.699	-1.685	0.005	1.748	0.484
	473.031	-1.696	-1.678	0.010	1.730	0.485
	474.031	-1.693	-1.680	0.003	1.749	0.486
	475.031	-1.691	-1.679	0.004	1.745	0.486
	476.031	-1.688	-1.670	0.010	1.721	0.486
	477.031	-1.685	-1.708	-0.033	1.866	0.489
	478.031	-1.689	-1.743	-0.065	1.978	0.489
	479.031	-1.694	-1.708	-0.024	1.840	0.486
	480.031	-1.693	-1.704	-0.020	1.828	0.487
	481.031	-1.693	-1.718	-0.036	1.880	0.487
	482.031	-1.691	-1.708	-0.028	1.855	0.488
	483.031	-1.692	-1.689	-0.005	1.780	0.485
	484.031	-1.691	-1.728	-0.048	1.923	0.488
	485.031	-1.690	-1.722	-0.042	1.905	0.358
	486.031	-1.693	-1.730	-0.048	1.927	0.287
	487.031	-1.693	-1.724	-0.042	1.910	0.267
	488.031	-1.692	-1.729	-0.048	1.932	0.273
	489.031	-1.696	-1.715	-0.030	1.874	0.274
	490.031	-1.699	-1.714	-0.025	1.859	0.274
	491.031	-1.699	-1.718	-0.030	1.875	0.275
	492.031	-1.700	-1.709	-0.019	1.840	0.274
	493.031	-1.699	-1.723	-0.035	1.893	0.275
	494.031	-1.700	-1.709	-0.019	1.841	0.274
	495.031	-1.695	-1.679	0.007	1.751	0.274
	496.031	-1.697	-1.682	0.006	1.752	0.274
	497.031	-1.699	-1.715	-0.026	1.859	0.275
	498.031	-1.699	-1.723	-0.035	1.890	0.274
	499.031	-1.699	-1.718	-0.030	1.874	0.274
	500.031	-1.695	-1.712	-0.027	1.866	0.274
	501.031	-1.700	-1.713	-0.023	1.852	0.274
	502.031	-1.701	-1.709	-0.018	1.835	0.273
	503.031	-1.703	-1.702	-0.008	1.803	0.273
	504.031	-1.700	-1.702	-0.012	1.813	0.274
	505.031	-1.701	-1.697	-0.005	1.789	0.274
	506.031	-1.702	-1.705	-0.013	1.815	0.274
	507.031	-1.701	-1.714	-0.023	1.850	0.273
	508.031	-1.700	-1.723	-0.035	1.889	0.273
	509.031	-1.700	-1.722	-0.033	1.884	0.273
	510.031	-1.700	-1.719	-0.029	1.873	0.274
	511.031	-1.703	-1.701	-0.007	1.800	0.273
	512.031	-1.702	-1.689	0.004	1.759	0.273
	513.031	-1.700	-1.681	0.011	1.734	0.274
	514.031	-1.699	-1.700	-0.010	1.804	0.274
	515.031	-1.699	-1.702	-0.013	1.811	0.274
	516.031	-1.699	-1.706	-0.018	1.827	0.274
	517.031	-1.699	-1.705	-0.014	1.816	0.274
	518.031	-1.699	-1.701	-0.011	1.804	0.274
	519.031	-1.697	-1.699	-0.012	1.806	0.275
	520.031	-1.696	-1.692	-0.004	1.780	0.274
	521.031	-1.696	-1.695	-0.007	1.788	0.274
	522.031	-1.697	-1.717	-0.030	1.864	0.275
	523.031	-1.696	-1.721	-0.036	1.886	0.275
	524.031	-1.697	-1.714	-0.027	1.856	0.275
	525.031	-1.698	-1.703	-0.014	1.815	0.274
	526.031	-1.696	-1.708	-0.022	1.839	0.274
	527.031	-1.696	-1.718	-0.032	1.873	0.275
	528.031	-1.697	-1.714	-0.026	1.855	0.274
	529.031	-1.697	-1.713	-0.026	1.855	0.274
	530.031	-1.698	-1.712	-0.024	1.849	0.274
	531.031	-1.698	-1.706	-0.018	1.828	0.274
	532.031	-1.699	-1.710	-0.021	1.838	0.274
	533.031	-1.699	-1.709	-0.020	1.835	0.274
	534.031	-1.699	-1.710	-0.021	1.842	0.274
	535.031	-1.700	-1.710	-0.020	1.835	0.274
	536.031	-1.700	-1.720	-0.031	1.873	0.274
	537.031	-1.701	-1.713	-0.022	1.845	0.274
	538.031	-1.702	-1.705	-0.013	1.816	0.274
	539.031	-1.701	-1.712	-0.021	1.843	0.274
	540.031	-1.702	-1.708	-0.016	1.823	0.274
	541.031	-1.698	-1.698	-0.010	1.803	0.274
	542.031	-1.699	-1.698	-0.008	1.796	0.274
	543.031	-1.699	-1.691	-0.001	1.771	0.274
	544.031	-1.702	-1.705	-0.013	1.809	0.274
	545.031	-1.696	-1.698	-0.012	1.806	0.274
	546.031	-1.700	-1.708	-0.017	1.825	0.274
	547.031	-1.700	-1.711	-0.020	1.835	0.274
	548.031	-1.698	-1.719	-0.032	1.873	0.275
	549.031	-1.700	-1.717	-0.027	1.860	0.275
	550.031	-1.701	-1.716	-0.025	1.852	0.274
	551.031	-1.702	-1.712	-0.020	1.836	0.274
	552.031	-1.702	-1.712	-0.020	1.836	0.274
	553.031	-1.700	-1.704	-0.014	1.816	0.274
	554.031	-1.697	-1.693	-0.004	1.782	0.274
	555.031	-1.696	-1.689	-0.003	1.775	0.274
	556.031	-1.696	-1.694	-0.008	1.790	0.274
	557.031	-1.698	-1.700	-0.011	1.802	0.274
	558.031	-1.696	-1.704	-0.018	1.822	0.274
	559.031	-1.696	-1.700	-0.013	1.806	0.274
	560.031	-1.695	-1.697	-0.011	1.801	0.274
	561.031	-1.695	-1.706	-0.021	1.832	0.275
	562.031	-1.694	-1.703	-0.018	1.824	0.275
	563.031	-1.694	-1.705	-0.020	1.831	0.275
	564.031	-1.693	-1.699	-0.016	1.814	0.275
	565.031	-1.695	-1.704	-0.020	1.829	0.275
	566.031	-1.693	-1.707	-0.024	1.842	0.275
	567.031	-1.694	-1.726	-0.043	1.909	0.276
	568.031	-1.694	-1.723	-0.038	1.894	0.275
	569.031	-1.698	-1.722	-0.035	1.883	0.275
	570.031	-1.698	-1.719	-0.031	1.873	0.275
	571.031	-1.698	-1.725	-0.038	1.898	0.275
	572.031	-1.700	-1.715	-0.026	1.856	0.274
	573.031	-1.699	-1.719	-0.030	1.871	0.275
	574.031	-1.701	-1.713	-0.022	1.848	0.274
	575.031	-1.701	-1.714	-0.023	1.849	0.274
	576.031	-1.700	-1.718	-0.028	1.868	0.548
	577.031	-1.701	-1.717	-0.026	1.860	0.550
	578.031	-1.702	-1.717	-0.026	1.859	0.549
	579.031	-1.701	-1.714	-0.023	1.853	0.549
	580.031	-1.702	-1.715	-0.023	1.852	0.549
	581.031	-1.701	-1.714	-0.023	1.851	0.549
	582.031	-1.703	-1.716	-0.023	1.853	0.549
	583.031	-1.703	-1.712	-0.019	1.839	0.549
	584.031	-1.703	-1.714	-0.020	1.844	0.549
	585.031	-1.703	-1.717	-0.024	1.858	0.549
	586.031	-1.703	-1.716	-0.023	1.855	0.549
	587.031	-1.703	-1.707	-0.013	1.819	0.549
	588.031	-1.702	-1.703	-0.010	1.810	0.549
	589.031	-1.703	-1.699	-0.006	1.793	0.549
	590.031	-1.699	-1.684	0.006	1.751	0.549
	591.031	-1.699	-1.683	0.007	1.747	0.549
	592.031	-1.699	-1.689	-0.000	1.768	0.549
	593.031	-1.697	-1.694	-0.006	1.786	0.009
	594.031	-1.695	-1.692	-0.005	1.784	0.009
	595.031	-1.696	-1.701	-0.014	1.812	0.275
	596.031	-1.697	-1.701	-0.013	1.808	0.275
	597.031	-1.697	-1.716	-0.030	1.865	0.274
	598.031	-1.695	-1.710	-0.025	1.851	0.275
	599.031	-1.696	-1.716	-0.030	1.867	0.275
	600.031	-1.696	-1.724	-0.039	1.899	0.099
	601.031	-1.696	-1.723	-0.038	1.896	0.521
	602.031	-1.697	-1.706	-0.019	1.836	0.521
	603.031	-1.694	-1.697	-0.013	1.812	0.521
	604.031	-1.696	-1.713	-0.027	1.859	0.523
	605.031	-1.697	-1.718	-0.031	1.875	0.523
	606.031	-1.697	-1.722	-0.036	1.892	0.522
	607.031	-1.700	-1.717	-0.028	1.865	0.520
	608.031	-1.698	-1.717	-0.029	1.872	0.009
	609.031	-1.699	-1.715	-0.026	1.861	0.009
	610.031	-1.701	-1.715	-0.023	1.852	0.273
	611.031	-1.701	-1.715	-0.024	1.857	0.273
	612.031	-1.701	-1.697	-0.005	1.793	0.273
	613.031	-1.701	-1.713	-0.022	1.848	0.273
	614.031	-1.701	-1.717	-0.026	1.862	0.273
	615.031	-1.701	-1.717	-0.026	1.862	0.273
	616.031	-1.703	-1.713	-0.020	1.843	0.273
	617.031	-1.703	-1.717	-0.024	1.855	0.273
	618.031	-1.703	-1.715	-0.021	1.849	0.273
	619.031	-1.704	-1.713	-0.019	1.839	0.273
	620.031	-1.703	-1.710	-0.018	1.835	0.273
	621.031	-1.705	-1.706	-0.011	1.811	0.273
	622.031	-1.705	-1.710	-0.016	1.828	0.273
	623.031	-1.705	-1.710	-0.015	1.826	0.273
	624.031	-1.705	-1.710	-0.015	1.825	0.272
	625.031	-1.703	-1.689	0.005	1.756	0.273
	626.031	-1.700	-1.682	0.010	1.739	0.273
	627.031	-1.704	-1.703	-0.009	1.799	0.273
	628.031	-1.702	-1.706	-0.014	1.815	0.273
	629.031	-1.703	-1.714	-0.021	1.839	0.271
	630.031	-1.702	-1.706	-0.015	1.817	0.274
	631.031	-1.703	-1.711	-0.018	1.830	0.274
	632.031	-1.702	-1.712	-0.020	1.836	0.274
	633.031	-1.703	-1.709	-0.016	1.822	0.274
	634.031	-1.701	-1.712	-0.021	1.840	0.274
	635.031	-1.697	-1.708	-0.022	1.840	0.275
	636.031	-1.699	-1.706	-0.016	1.823	0.274
	637.031	-1.702	-1.711	-0.019	1.832	0.275
	638.031	-1.700	-1.708	-0.018	1.829	0.274
	639.031	-1.700	-1.708	-0.018	1.829	0.274
	640.031	-1.701	-1.709	-0.017	1.826	0.274
	641.031	-1.702	-1.705	-0.013	1.810	0.274
	642.031	-1.701	-1.709	-0.018	1.826	0.274
	643.031	-1.696	-1.707	-0.021	1.837	0.275
	644.031	-1.694	-1.682	0.004	1.754	0.274
	645.031	-1.696	-1.694	-0.007	1.787	0.274
	646.031	-1.697	-1.700	-0.012	1.805	0.274
	647.031	-1.696	-1.702	-0.015	1.815	0.275
	648.031	-1.694	-1.692	-0.007	1.785	0.274
	649.031	-1.693	-1.686	-0.003	1.769	0.275
	650.031	-1.693	-1.701	-0.018	1.821	0.275
	651.031	-1.696	-1.717	-0.031	1.865	0.275
	652.031	-1.695	-1.719	-0.034	1.877	0.275
	653.031	-1.697	-1.710	-0.023	1.840	0.275
	654.031	-1.698	-1.712	-0.023	1.842	0.275
	655.031	-1.697	-1.707	-0.019	1.829	0.274
	656.031	-1.697	-1.709	-0.022	1.838	0.275
	657.031	-1.691	-1.675	0.007	1.738	0.275
	658.031	-1.689	-1.683	-0.002	1.771	0.275
	659.031	-1.689	-1.712	-0.034	1.876	0.275
	660.031	-1.683	-1.673	0.001	1.758	0.276
	661.031	-1.680	-1.692	-0.022	1.834	0.276
	662.031	-1.681	-1.692	-0.020	1.829	0.276
	663.031	-1.688	-1.695	-0.017	1.818	0.276
	664.031	-1.693	-1.723	-0.041	1.901	0.276
	665.031	-1.696	-1.711	-0.026	1.851	0.275
	666.031	-1.694	-1.723	-0.040	1.899	0.275
	667.031	-1.691	-1.714	-0.033	1.878	0.274
	668.031	-1.694	-1.724	-0.040	1.903	0.274
	669.047	-1.699	-1.710	-0.021	1.838	0.274
	670.047	-1.701	-1.699	-0.008	1.794	0.274
	671.047	-1.698	-1.694	-0.005	1.786	0.274
	672.047	-1.698	-1.710	-0.022	1.841	0.274
	673.047	-1.695	-1.690	-0.004	1.781	0.274
	674.047	-1.696	-1.692	-0.005	1.784	0.274
	675.047	-1.694	-1.677	0.008	1.737	0.274
	676.047	-1.693	-1.678	0.007	1.738	0.274
	677.047	-1.696	-1.703	-0.016	1.812	0.274
	678.047	-1.699	-1.710	-0.021	1.829	0.274
	679.047	-1.691	-1.679	0.003	1.748	0.274
	680.047	-1.688	-1.710	-0.033	1.870	0.273
	681.047	-1.684	-1.700	-0.026	1.848	0.273
	682.047	-1.678	-1.673	-0.004	1.773	0.272
	683.047	-1.679	-1.677	-0.007	1.782	0.272
	684.047	-1.693	-1.706	-0.022	1.833	0.272
	685.047	-1.692	-1.694	-0.011	1.795	0.273
	686.047	-1.690	-1.681	-0.001	1.761	0.273
	687.047	-1.690	-1.681	-0.001	1.759	0.273
	688.047	-1.687	-1.679	-0.001	1.757	0.274
	689.047	-1.688	-1.706	-0.028	1.849	0.274
	690.047	-1.689	-1.717	-0.038	1.883	0.274
	691.047	-1.693	-1.721	-0.039	1.889	0.275
	692.047	-1.694	-1.706	-0.021	1.830	0.274
	693.047	-1.695	-1.703	-0.018	1.819	0.274
	694.047	-1.688	-1.693	-0.015	1.808	0.275
	695.047	-1.688	-1.695	-0.017	1.814	0.275
	696.047	-1.690	-1.708	-0.028	1.853	0.273
	697.047	-1.694	-1.720	-0.036	1.881	0.273
	698.047	-1.693	-1.707	-0.023	1.840	0.275
	699.047	-1.692	-1.688	-0.004	1.775	0.274
	700.047	-1.692	-1.710	-0.027	1.851	0.275
	701.047	-1.694	-1.694	-0.009	1.791	0.272
	702.047	-1.696	-1.713	-0.027	1.850	0.272
	703.047	-1.685	-1.704	-0.028	1.855	0.274
	704.047	-1.687	-1.674	0.004	1.744	0.275
	705.047	-1.691	-1.705	-0.024	1.840	0.275
	706.047	-1.690	-1.700	-0.020	1.825	0.275
	707.047	-1.689	-1.671	0.010	1.725	0.274
	708.047	-1.690	-1.673	0.008	1.728	0.274
	709.047	-1.688	-1.688	-0.009	1.781	0.275
	710.047	-1.687	-1.685	-0.007	1.774	0.275
	711.047	-1.690	-1.696	-0.015	1.800	0.275
	712.047	-1.689	-1.670	0.010	1.716	0.275
	713.047	-1.687	-1.674	0.005	1.731	0.275
	714.047	-1.686	-1.678	-0.000	1.747	0.276
	715.047	-1.684	-1.680	-0.005	1.761	0.296
	716.047	-1.685	-1.696	-0.020	1.812	0.298
	717.047	-1.683	-1.685	-0.011	1.782	0.285
	718.047	-1.685	-1.687	-0.012	1.782	0.285
	719.047	-1.684	-1.681	-0.005	1.760	0.261
	720.047	-1.684	-1.683	-0.008	1.768	0.225
	721.047	-1.682	-1.684	-0.010	1.776	0.213
	722.047	-1.683	-1.687	-0.013	1.784	0.207
	723.047	-1.681	-1.690	-0.018	1.802	0.226
	724.047	-1.680	-1.693	-0.023	1.816	0.235
	725.047	-1.680	-1.693	-0.023	1.819	0.294
	726.047	-1.683	-1.706	-0.034	1.855	0.300
	727.047	-1.683	-1.702	-0.030	1.843	0.286
	728.047	-1.681	-1.689	-0.017	1.802	0.283
	729.047	-1.680	-1.687	-0.016	1.798	0.283
	730.047	-1.683	-1.691	-0.017	1.801	0.272
	731.047	-1.682	-1.685	-0.013	1.786	0.249
	732.047	-1.682	-1.706	-0.035	1.861	0.247
	733.047	-1.681	-1.688	-0.017	1.799	0.223
	734.047	-1.682	-1.677	-0.004	1.755	0.221
	735.047	-1.681	-1.686	-0.015	1.791	0.220
	736.047	-1.680	-1.690	-0.020	1.808	0.220
	737.047	-1.682	-1.705	-0.032	1.852	0.220
	738.047	-1.681	-1.681	-0.009	1.773	0.220
	739.047	-1.680	-1.688	-0.017	1.800	0.231
	740.047	-1.681	-1.697	-0.025	1.827	0.231
	741.047	-1.681	-1.687	-0.015	1.793	0.232
	742.047	-1.680	-1.689	-0.017	1.800	0.232
	743.047	-1.681	-1.686	-0.014	1.789	0.232
	744.047	-1.682	-1.692	-0.019	1.805	0.232
	745.047	-1.682	-1.692	-0.019	1.805	0.232
	746.047	-1.683	-1.689	-0.016	1.796	0.232
	747.047	-1.682	-1.684	-0.012	1.781	0.232
	748.047	-1.681	-1.681	-0.009	1.769	0.231
	749.047	-1.680	-1.699	-0.028	1.834	0.232
	750.047	-1.680	-1.688	-0.016	1.795	0.267
	751.047	-1.680	-1.693	-0.021	1.813	0.294
	752.047	-1.682	-1.690	-0.017	1.796	0.302
	753.047	-1.684	-1.690	-0.015	1.791	0.298
	754.047	-1.680	-1.685	-0.014	1.786	0.290
	755.047	-1.680	-1.686	-0.015	1.790	0.271
	756.047	-1.683	-1.695	-0.021	1.808	0.267
	757.047	-1.683	-1.691	-0.018	1.797	0.268
	758.047	-1.683	-1.686	-0.012	1.776	0.269
	759.047	-1.685	-1.701	-0.026	1.826	0.269
	760.047	-1.685	-1.700	-0.024	1.820	0.269
	761.047	-1.684	-1.698	-0.023	1.817	0.269
	762.047	-1.684	-1.699	-0.024	1.820	0.269
	763.047	-1.685	-1.689	-0.013	1.784	0.269
	764.047	-1.683	-1.690	-0.016	1.794	0.269
	765.047	-1.682	-1.686	-0.012	1.780	0.269
	766.047	-1.684	-1.689	-0.014	1.784	0.269
	767.047	-1.685	-1.693	-0.016	1.793	0.269
	768.047	-1.685	-1.692	-0.015	1.789	0.269
	769.047	-1.687	-1.697	-0.021	1.807	0.269
	770.047	-1.682	-1.688	-0.015	1.789	0.269
	771.047	-1.685	-1.693	-0.018	1.796	0.269
	772.047	-1.687	-1.694	-0.017	1.794	0.269
	773.047	-1.686	-1.691	-0.014	1.785	0.269
	774.047	-1.686	-1.695	-0.017	1.795	0.269
	775.047	-1.686	-1.695	-0.018	1.796	0.269
	776.047	-1.684	-1.692	-0.017	1.792	0.269
	777.047	-1.684	-1.686	-0.011	1.773	0.269
	778.047	-1.683	-1.687	-0.013	1.780	0.269
	779.047	-1.683	-1.699	-0.025	1.818	0.269
	780.047	-1.685	-1.696	-0.019	1.801	0.269
	781.047	-1.683	-1.684	-0.011	1.772	0.269
	782.047	-1.682	-1.685	-0.012	1.776	0.269
	783.047	-1.681	-1.687	-0.015	1.784	0.269
	784.047	-1.681	-1.693	-0.022	1.808	0.269
	785.047	-1.682	-1.685	-0.012	1.774	0.269
	786.047	-1.683	-1.709	-0.035	1.854	0.269
	787.047	-1.684	-1.708	-0.034	1.852	0.269
	788.047	-1.684	-1.708	-0.034	1.852	0.269
	789.047	-1.682	-1.685	-0.012	1.777	0.269
	790.047	-1.683	-1.690	-0.016	1.790	0.269
	791.047	-1.684	-1.683	-0.008	1.763	0.269
	792.047	-1.687	-1.697	-0.019	1.800	0.269
	793.047	-1.683	-1.683	-0.009	1.765	0.269
	794.047	-1.684	-1.688	-0.013	1.779	0.269
	795.047	-1.684	-1.688	-0.012	1.776	0.269
	796.047	-1.682	-1.689	-0.017	1.792	0.269
	797.047	-1.682	-1.684	-0.011	1.771	0.269
	798.047	-1.681	-1.687	-0.015	1.784	0.269
	799.047	-1.683	-1.689	-0.015	1.784	0.269
	800.047	-1.683	-1.691	-0.017	1.790	0.269
	801.047	-1.680	-1.690	-0.019	1.795	0.269
	802.047	-1.684	-1.726	-0.052	1.909	0.270
	803.047	-1.679	-1.692	-0.022	1.808	0.270
	804.047	-1.685	-1.720	-0.046	1.888	0.270
	805.047	-1.685	-1.708	-0.033	1.847	0.270
	806.047	-1.686	-1.712	-0.035	1.857	0.269
	807.047	-1.683	-1.691	-0.018	1.798	0.269
	808.047	-1.683	-1.690	-0.016	1.793	0.269
	809.047	-1.686	-1.699	-0.022	1.813	0.269
	810.047	-1.686	-1.699	-0.023	1.816	0.269
	811.047	-1.687	-1.703	-0.026	1.826	0.269
	812.047	-1.689	-1.704	-0.025	1.825	0.269
	813.047	-1.686	-1.693	-0.016	1.795	0.269
	814.047	-1.683	-1.689	-0.015	1.790	0.269
	815.047	-1.687	-1.704	-0.026	1.828	0.269
	816.047	-1.685	-1.702	-0.027	1.831	0.269
	817.047	-1.684	-1.689	-0.015	1.792	0.269
	818.047	-1.685	-1.688	-0.012	1.782	0.269
	819.047	-1.684	-1.685	-0.009	1.771	0.269
	820.047	-1.686	-1.691	-0.015	1.789	0.269
	821.047	-1.683	-1.688	-0.014	1.785	0.269
	822.047	-1.684	-1.687	-0.012	1.779	0.269
	823.047	-1.683	-1.686	-0.012	1.778	0.269
	824.047	-1.682	-1.686	-0.013	1.780	0.269
	825.047	-1.681	-1.687	-0.016	1.789	0.269
	826.047	-1.681	-1.687	-0.015	1.788	0.269
	827.047	-1.683	-1.692	-0.018	1.798	0.269
	828.047	-1.683	-1.689	-0.015	1.787	0.269
	829.047	-1.682	-1.687	-0.014	1.784	0.269
	830.047	-1.682	-1.691	-0.019	1.800	0.269
	831.047	-1.685	-1.696	-0.021	1.807	0.269
	832.047	-1.685	-1.697	-0.022	1.810	0.269
	833.047	-1.682	-1.692	-0.020	1.803	0.269
	834.047	-1.681	-1.693	-0.021	1.809	0.269
	835.047	-1.684	-1.694	-0.020	1.804	0.269
	836.047	-1.683	-1.691	-0.018	1.796	0.269
	837.047	-1.683	-1.688	-0.015	1.787	0.269
	838.047	-1.685	-1.691	-0.014	1.784	0.269
	839.047	-1.684	-1.694	-0.019	1.799	0.269
	840.047	-1.685	-1.691	-0.014	1.784	0.269
	841.047	-1.685	-1.693	-0.016	1.790	0.269
	842.047	-1.684	-1.688	-0.013	1.778	0.269
	843.047	-1.683	-1.691	-0.017	1.793	0.269
	844.047	-1.683	-1.689	-0.015	1.785	0.269
	845.047	-1.683	-1.685	-0.011	1.770	0.269
	846.047	-1.684	-1.685	-0.010	1.768	0.269
	847.047	-1.684	-1.689	-0.014	1.780	0.269
	848.047	-1.683	-1.688	-0.014	1.781	0.269
	849.047	-1.684	-1.691	-0.016	1.786	0.269
	850.047	-1.682	-1.687	-0.014	1.778	0.269
	851.047	-1.683	-1.690	-0.017	1.787	0.269
	852.047	-1.682	-1.691	-0.018	1.792	0.269
	853.047	-1.682	-1.688	-0.014	1.780	0.269
	854.047	-1.683	-1.692	-0.017	1.789	0.269
	855.047	-1.685	-1.689	-0.013	1.774	0.269
	856.047	-1.685	-1.689	-0.013	1.774	0.269
	857.047	-1.683	-1.686	-0.011	1.768	0.269
	858.047	-1.682	-1.689	-0.016	1.785	0.269
	859.047	-1.683	-1.697	-0.024	1.809	0.269
	860.047	-1.684	-1.706	-0.031	1.836	0.269
	861.047	-1.683	-1.686	-0.012	1.771	0.269
	862.047	-1.682	-1.690	-0.017	1.789	0.269
	863.047	-1.682	-1.694	-0.021	1.802	0.269
	864.047	-1.687	-1.701	-0.024	1.812	0.269
	865.047	-1.687	-1.699	-0.022	1.804	0.269
	866.047	-1.688	-1.705	-0.026	1.818	0.269
	867.047	-1.687	-1.706	-0.028	1.828	0.269
	868.062	-1.685	-1.690	-0.014	1.779	0.269
	869.062	-1.685	-1.683	-0.007	1.756	0.269
	870.062	-1.690	-1.697	-0.016	1.786	0.268
	871.062	-1.691	-1.721	-0.041	1.868	0.269
	872.062	-1.680	-1.723	-0.055	1.920	0.271
	873.062	-1.687	-1.735	-0.059	1.938	0.270
	874.062	-1.685	-1.701	-0.025	1.826	0.269
	875.062	-1.688	-1.693	-0.014	1.789	0.269
	876.062	-1.688	-1.688	-0.009	1.772	0.268
	877.062	-1.688	-1.692	-0.013	1.786	0.268
	878.062	-1.692	-1.695	-0.012	1.781	0.268
	879.062	-1.692	-1.701	-0.017	1.798	0.268
	880.062	-1.692	-1.718	-0.035	1.859	0.269
	881.062	-1.692	-1.694	-0.011	1.777	0.268
	882.062	-1.687	-1.690	-0.011	1.778	0.269
	883.062	-1.689	-1.688	-0.009	1.770	0.268
	884.062	-1.691	-1.693	-0.011	1.776	0.268
	885.062	-1.689	-1.683	-0.003	1.747	0.268
	886.062	-1.689	-1.684	-0.003	1.749	0.268
	887.062	-1.689	-1.703	-0.023	1.815	0.268
	888.062	-1.690	-1.689	-0.007	1.759	0.268
	889.062	-1.691	-1.700	-0.018	1.797	0.268
	890.062	-1.691	-1.698	-0.017	1.790	0.268
	891.062	-1.689	-1.692	-0.013	1.777	0.268
	892.062	-1.686	-1.690	-0.014	1.779	0.268
	893.062	-1.683	-1.693	-0.019	1.797	0.268
	894.062	-1.684	-1.706	-0.032	1.841	0.269
	895.062	-1.686	-1.719	-0.043	1.879	0.269
	896.062	-1.672	-1.755	-0.097	2.065	0.273
	897.062	-1.670	-1.711	-0.052	1.919	0.271
	898.062	-1.685	-1.733	-0.059	1.947	0.269
	899.062	-1.680	-1.680	-0.009	1.779	0.268
	900.062	-1.681	-1.679	-0.007	1.771	0.267
	901.062	-1.685	-1.686	-0.011	1.782	0.267
	902.062	-1.684	-1.678	-0.004	1.757	0.267
	903.062	-1.690	-1.708	-0.028	1.837	0.266
	904.062	-1.689	-1.704	-0.024	1.828	0.267
	905.062	-1.687	-1.684	-0.005	1.762	0.266
	906.062	-1.684	-1.687	-0.012	1.785	0.267
	907.062	-1.685	-1.675	0.001	1.738	0.266
	908.062	-1.686	-1.701	-0.024	1.824	0.266
	909.062	-1.686	-1.680	-0.003	1.751	0.267
	910.062	-1.683	-1.684	-0.010	1.773	0.267
	911.062	-1.683	-1.699	-0.025	1.824	0.267
	912.062	-1.682	-1.688	-0.015	1.789	0.267
	913.062	-1.683	-1.694	-0.021	1.810	0.267
	914.062	-1.681	-1.685	-0.013	1.784	0.267
	915.062	-1.681	-1.686	-0.014	1.787	0.267
	916.062	-1.691	-1.717	-0.036	1.860	0.267
	917.062	-1.690	-1.706	-0.026	1.829	0.268
	918.062	-1.690	-1.703	-0.023	1.819	0.268
	919.062	-1.690	-1.699	-0.019	1.806	0.268
	920.062	-1.689	-1.695	-0.015	1.793	0.269
	921.062	-1.689	-1.686	-0.006	1.762	0.268
	922.062	-1.688	-1.688	-0.010	1.773	0.268
	923.062	-1.693	-1.714	-0.031	1.844	0.268
	924.062	-1.693	-1.706	-0.023	1.817	0.268
	925.062	-1.692	-1.713	-0.030	1.843	0.268
	926.062	-1.691	-1.703	-0.021	1.812	0.268
	927.062	-1.687	-1.688	-0.009	1.772	0.268
	928.062	-1.687	-1.683	-0.005	1.756	0.268
	929.062	-1.686	-1.681	-0.004	1.751	0.267
	930.062	-1.685	-1.686	-0.009	1.768	0.268
	931.062	-1.689	-1.694	-0.015	1.787	0.268
	932.094	-1.686	-1.677	0.000	1.735	0.268
	933.094	-1.682	-1.678	-0.004	1.749	0.268
	934.094	-1.680	-1.680	-0.009	1.763	0.268
	935.094	-1.681	-1.681	-0.009	1.761	0.268
	936.094	-1.682	-1.678	-0.005	1.748	0.266
	937.094	-1.680	-1.685	-0.014	1.777	0.265
	938.094	-1.682	-1.683	-0.009	1.762	0.268
	939.094	-1.681	-1.682	-0.011	1.765	0.269
	940.094	-1.683	-1.686	-0.012	1.767	0.269
	941.094	-1.680	-1.679	-0.007	1.752	0.269
	942.094	-1.681	-1.680	-0.007	1.751	0.269
	943.094	-1.680	-1.683	-0.013	1.769	0.269
	944.094	-1.681	-1.681	-0.010	1.757	0.269
	945.094	-1.677	-1.684	-0.017	1.781	0.269
	946.094	-1.682	-1.693	-0.021	1.793	0.269
	947.094	-1.683	-1.704	-0.031	1.828	0.269
	948.094	-1.685	-1.712	-0.037	1.851	0.269
	949.094	-1.686	-1.708	-0.031	1.834	0.269
	950.094	-1.689	-1.718	-0.039	1.860	0.269
	951.094	-1.689	-1.711	-0.031	1.835	0.268
	952.094	-1.687	-1.708	-0.031	1.834	0.228
	953.094	-1.684	-1.700	-0.025	1.817	0.502
	954.094	-1.689	-1.701	-0.021	1.804	0.502
	955.094	-1.690	-1.691	-0.010	1.766	0.502
	956.094	-1.691	-1.696	-0.014	1.781	0.502
	957.094	-1.691	-1.701	-0.019	1.796	0.497
	958.094	-1.691	-1.699	-0.017	1.791	0.489
	959.094	-1.690	-1.705	-0.024	1.814	0.504
	960.094	-1.691	-1.713	-0.032	1.840	0.504
	961.094	-1.690	-1.710	-0.029	1.834	0.503
	962.094	-1.691	-1.709	-0.027	1.827	0.505
	963.094	-1.693	-1.703	-0.020	1.804	0.507
	964.094	-1.692	-1.699	-0.016	1.790	0.507
	965.094	-1.691	-1.691	-0.008	1.761	0.505
	966.094	-1.688	-1.679	0.001	1.730	0.505
	967.094	-1.690	-1.686	-0.005	1.750	0.506
	968.094	-1.690	-1.678	0.004	1.716	0.076
	969.094	-1.693	-1.693	-0.010	1.762	0.009
	970.094	-1.696	-1.709	-0.023	1.807	0.255
	971.094	-1.695	-1.712	-0.027	1.819	0.256
	972.094	-1.693	-1.699	-0.015	1.779	0.256
	973.094	-1.688	-1.685	-0.005	1.745	0.257
	974.094	-1.688	-1.682	-0.003	1.735	0.256
	975.094	-1.688	-1.682	-0.002	1.733	0.256
	976.094	-1.691	-1.695	-0.013	1.767	0.257
	977.094	-1.687	-1.675	0.004	1.709	0.316
	978.094	-1.689	-1.682	-0.002	1.727	0.359
	979.094	-1.691	-1.701	-0.019	1.786	0.427
	980.094	-1.691	-1.701	-0.020	1.788	0.467
	981.094	-1.692	-1.708	-0.025	1.807	0.487
	982.094	-1.691	-1.703	-0.021	1.793	0.495
	983.094	-1.686	-1.679	-0.000	1.723	0.494
	984.094	-1.686	-1.685	-0.007	1.744	0.493
	985.094	-1.689	-1.679	0.003	1.710	0.494
	986.094	-1.690	-1.687	-0.005	1.735	0.494
	987.094	-1.691	-1.722	-0.041	1.854	0.495
	988.094	-1.693	-1.718	-0.035	1.839	0.494
	989.094	-1.694	-1.708	-0.022	1.797	0.494
	990.094	-1.695	-1.705	-0.020	1.787	0.494
	991.094	-1.694	-1.711	-0.026	1.811	0.494
	992.094	-1.693	-1.700	-0.016	1.777	0.494
	993.094	-1.694	-1.701	-0.017	1.779	0.494
	994.094	-1.691	-1.681	0.002	1.715	0.493
	995.094	-1.694	-1.698	-0.013	1.765	0.493
	996.094	-1.689	-1.697	-0.017	1.778	0.493
	997.094	-1.696	-1.704	-0.018	1.781	0.462
	998.094	-1.697	-1.704	-0.017	1.778	0.402
	999.094	-1.697	-1.712	-0.024	1.804	0.327
	1000.094	-1.696	-1.710	-0.023	1.799	0.279
	1001.094	-1.696	-1.699	-0.012	1.763	0.245
	1002.094	-1.692	-1.694	-0.011	1.758	0.239
	1003.094	-1.690	-1.682	-0.001	1.724	0.230
	1004.094	-1.691	-1.687	-0.005	1.734	0.245
	1005.094	-1.694	-1.710	-0.025	1.804	0.303
	1006.094	-1.693	-1.715	-0.031	1.824	0.303
	1007.094	-1.694	-1.716	-0.031	1.827	0.302
	1008.094	-1.694	-1.696	-0.011	1.758	0.393
	1009.094	-1.692	-1.695	-0.013	1.763	0.466
	1010.094	-1.695	-1.711	-0.026	1.808	0.485
	1011.094	-1.694	-1.727	-0.043	1.867	0.495
	1012.094	-1.696	-1.726	-0.040	1.859	0.491
	1013.094	-1.697	-1.719	-0.031	1.832	0.494
	1014.094	-1.698	-1.711	-0.022	1.801	0.494
	1015.094	-1.699	-1.719	-0.031	1.830	0.493
	1016.094	-1.700	-1.713	-0.023	1.806	0.491
	1017.094	-1.699	-1.720	-0.030	1.831	0.492
	1018.094	-1.696	-1.712	-0.026	1.817	0.490
	1019.094	-1.697	-1.698	-0.009	1.759	0.492
	1020.094	-1.698	-1.700	-0.011	1.767	0.489
	1021.094	-1.698	-1.694	-0.005	1.746	0.491
	1022.094	-1.696	-1.689	-0.002	1.733	0.491
	1023.094	-1.696	-1.695	-0.008	1.752	0.491
	1024.094	-1.698	-1.698	-0.009	1.753	0.491
	1025.094	-1.699	-1.706	-0.017	1.779	0.492
	1026.094	-1.700	-1.714	-0.023	1.802	0.493
	1027.094	-1.700	-1.716	-0.025	1.809	0.493
	1028.094	-1.699	-1.704	-0.014	1.771	0.493
	1029.094	-1.693	-1.699	-0.015	1.774	0.493
	1030.094	-1.699	-1.714	-0.024	1.806	0.493
	1031.094	-1.696	-1.678	0.010	1.689	0.492
	1032.094	-1.697	-1.709	-0.021	1.792	0.493
	1033.094	-1.699	-1.716	-0.026	1.812	0.493
	1034.094	-1.696	-1.687	0.001	1.719	0.493
	1035.094	-1.697	-1.688	0.000	1.718	0.493
	1036.094	-1.700	-1.715	-0.025	1.804	0.493
	1037.094	-1.700	-1.710	-0.019	1.786	0.492
	1038.094	-1.702	-1.715	-0.022	1.796	0.491
	1039.094	-1.701	-1.718	-0.027	1.813	0.492
	1040.094	-1.702	-1.710	-0.018	1.781	0.491
	1041.094	-1.701	-1.719	-0.027	1.815	0.492
	1042.094	-1.701	-1.719	-0.027	1.815	0.493
	1043.094	-1.702	-1.714	-0.022	1.797	0.492
	1044.094	-1.703	-1.711	-0.018	1.782	0.492
	1045.094	-1.702	-1.715	-0.023	1.800	0.492
	1046.094	-1.700	-1.692	-0.000	1.724	0.492
	1047.094	-1.699	-1.687	0.004	1.708	0.492
	1048.094	-1.700	-1.692	-0.001	1.723	0.492
	1049.094	-1.699	-1.693	-0.002	1.725	0.492
	1050.094	-1.700	-1.698	-0.006	1.739	0.492
	1051.094	-1.700	-1.715	-0.025	1.801	0.492
	1052.094	-1.699	-1.689	0.001	1.714	0.493
	1053.094	-1.702	-1.717	-0.025	1.801	0.493
	1054.094	-1.701	-1.710	-0.018	1.778	0.493
	1055.094	-1.699	-1.691	-0.000	1.718	0.493
	1056.094	-1.702	-1.714	-0.021	1.787	0.493
	1057.094	-1.701	-1.708	-0.016	1.772	0.493
	1058.094	-1.699	-1.709	-0.019	1.780	0.493
	1059.094	-1.697	-1.714	-0.025	1.800	0.493
	1060.094	-1.700	-1.713	-0.023	1.792	0.492
	1061.094	-1.697	-1.717	-0.029	1.816	0.492
	1062.094	-1.688	-1.675	0.004	1.701	0.493
	1063.094	-1.692	-1.701	-0.018	1.775	0.493
	1064.094	-1.691	-1.688	-0.005	1.732	0.493
	1065.094	-1.695	-1.704	-0.018	1.775	0.493
	1066.094	-1.694	-1.694	-0.009	1.743	0.493
	1067.094	-1.698	-1.720	-0.032	1.820	0.493
	1068.094	-1.698	-1.718	-0.029	1.813	0.493
	1069.094	-1.698	-1.703	-0.012	1.756	0.493
	1070.094	-1.698	-1.719	-0.030	1.817	0.492
	1071.094	-1.699	-1.713	-0.023	1.793	0.492
	1072.094	-1.697	-1.712	-0.024	1.798	0.492
	1073.094	-1.701	-1.707	-0.014	1.763	0.492
	1074.094	-1.699	-1.717	-0.027	1.808	0.492
	1075.094	-1.700	-1.714	-0.023	1.796	0.493
	1076.094	-1.700	-1.698	-0.006	1.738	0.492
	1077.094	-1.699	-1.690	0.001	1.713	0.492
	1078.094	-1.703	-1.700	-0.006	1.736	0.491
	1079.094	-1.700	-1.707	-0.017	1.769	0.492
	1080.094	-1.700	-1.708	-0.017	1.768	0.492
	1081.094	-1.699	-1.691	-0.000	1.713	0.492
	1082.094	-1.697	-1.698	-0.009	1.742	0.493
	1083.094	-1.697	-1.686	0.003	1.700	0.492
	1084.094	-1.696	-1.686	0.002	1.701	0.492
	1085.094	-1.699	-1.707	-0.017	1.763	0.492
	1086.094	-1.693	-1.699	-0.014	1.755	0.493
	1087.094	-1.694	-1.706	-0.020	1.773	0.493
	1088.094	-1.693	-1.715	-0.032	1.813	0.494
	1089.094	-1.695	-1.720	-0.034	1.822	0.494
	1090.094	-1.692	-1.706	-0.023	1.788	0.494
	1091.094	-1.695	-1.716	-0.031	1.812	0.493
	1092.094	-1.696	-1.697	-0.010	1.743	0.492
	1093.094	-1.694	-1.696	-0.011	1.746	0.493
	1094.094	-1.694	-1.702	-0.017	1.765	0.493
	1095.094	-1.693	-1.691	-0.006	1.728	0.493
	1096.094	-1.696	-1.693	-0.005	1.724	0.492
	1097.094	-1.696	-1.699	-0.011	1.744	0.492
	1098.094	-1.693	-1.701	-0.018	1.764	0.493
	1099.094	-1.697	-1.725	-0.038	1.834	0.494
	1100.094	-1.698	-1.714	-0.026	1.794	0.493
	1101.094	-1.698	-1.715	-0.026	1.797	0.493
	1102.094	-1.697	-1.719	-0.031	1.812	0.493
	1103.094	-1.695	-1.714	-0.029	1.807	0.494
	1104.094	-1.695	-1.711	-0.025	1.797	0.493
	1105.094	-1.696	-1.714	-0.027	1.803	0.493
	1106.094	-1.696	-1.710	-0.023	1.790	0.493
	1107.094	-1.697	-1.712	-0.025	1.795	0.493
	1108.094	-1.696	-1.705	-0.019	1.776	0.493
	1109.094	-1.695	-1.696	-0.008	1.741	0.492
	1110.094	-1.697	-1.690	-0.001	1.716	0.492
	1111.094	-1.701	-1.697	-0.004	1.723	0.491
	1112.094	-1.697	-1.677	0.011	1.669	0.491
	1113.094	-1.698	-1.696	-0.007	1.730	0.492
	1114.094	-1.694	-1.701	-0.017	1.761	0.493
	1115.094	-1.694	-1.704	-0.018	1.768	0.493
	1116.094	-1.700	-1.721	-0.031	1.810	0.493
	1117.094	-1.700	-1.721	-0.030	1.809	0.493
	1118.094	-1.696	-1.708	-0.021	1.777	0.493
	1119.094	-1.694	-1.699	-0.013	1.752	0.493
	1120.094	-1.693	-1.685	-0.000	1.708	0.493
	1121.094	-1.694	-1.686	-0.000	1.706	0.493
	1122.094	-1.697	-1.704	-0.016	1.756	0.493
	1123.094	-1.700	-1.721	-0.030	1.806	0.493
	1124.094	-1.701	-1.716	-0.025	1.788	0.493
	1125.094	-1.699	-1.722	-0.033	1.816	0.493
	1126.094	-1.697	-1.717	-0.029	1.805	0.493
	1127.094	-1.693	-1.692	-0.007	1.730	0.493
	1128.094	-1.694	-1.688	-0.003	1.716	0.493
	1129.094	-1.695	-1.688	-0.002	1.711	0.492
	1130.094	-1.694	-1.696	-0.011	1.741	0.493
	1131.094	-1.698	-1.709	-0.020	1.772	0.492
	1132.094	-1.692	-1.687	-0.003	1.713	0.493
	1133.094	-1.696	-1.716	-0.030	1.803	0.494
	1134.094	-1.699	-1.719	-0.029	1.802	0.493
	1135.094	-1.701	-1.720	-0.028	1.799	0.493
	1136.094	-1.701	-1.722	-0.031	1.809	0.493
	1137.094	-1.701	-1.720	-0.028	1.800	0.493
	1138.094	-1.702	-1.714	-0.021	1.780	0.493
	1139.094	-1.702	-1.717	-0.025	1.792	0.493
	1140.094	-1.700	-1.714	-0.023	1.786	0.492
	1141.094	-1.696	-1.689	-0.001	1.711	0.492
	1142.094	-1.703	-1.718	-0.024	1.787	0.492
	1143.094	-1.704	-1.713	-0.019	1.770	0.492
	1144.094	-1.702	-1.716	-0.024	1.788	0.492
	1145.094	-1.697	-1.697	-0.009	1.738	0.492
	1146.094	-1.699	-1.706	-0.016	1.761	0.492
	1147.094	-1.701	-1.717	-0.024	1.788	0.492
	1148.094	-1.704	-1.704	-0.008	1.736	0.491
	1149.094	-1.703	-1.705	-0.011	1.743	0.491
	1150.094	-1.700	-1.714	-0.022	1.782	0.492
	1151.094	-1.700	-1.711	-0.021	1.776	0.492
	1152.094	-1.701	-1.715	-0.023	1.783	0.492
	1153.094	-1.702	-1.716	-0.023	1.784	0.492
	1154.094	-1.702	-1.716	-0.023	1.784	0.492
	1155.094	-1.703	-1.710	-0.016	1.760	0.492
	1156.094	-1.703	-1.699	-0.004	1.720	0.491
	1157.094	-1.704	-1.709	-0.014	1.752	0.491
	1158.094	-1.705	-1.717	-0.021	1.775	0.492
	1159.094	-1.702	-1.705	-0.011	1.743	0.491
	1160.094	-1.705	-1.712	-0.016	1.757	0.491
	1161.094	-1.704	-1.714	-0.019	1.770	0.492
	1162.094	-1.703	-1.716	-0.022	1.779	0.492
	1163.094	-1.703	-1.713	-0.020	1.773	0.492
	1164.094	-1.705	-1.715	-0.019	1.768	0.491
	1165.094	-1.692	-1.698	-0.015	1.755	0.495
	1166.094	-1.687	-1.710	-0.033	1.813	0.495
	1167.094	-1.693	-1.730	-0.048	1.866	0.495
	1168.094	-1.691	-1.700	-0.018	1.767	0.494
	1169.094	-1.693	-1.687	-0.002	1.715	0.493
	1170.094	-1.694	-1.686	0.001	1.704	0.493
	1171.094	-1.695	-1.689	-0.002	1.711	0.493
	1172.094	-1.696	-1.694	-0.006	1.724	0.493
	1173.094	-1.697	-1.707	-0.019	1.766	0.493
	1174.094	-1.696	-1.705	-0.018	1.763	0.493
	1175.094	-1.694	-1.690	-0.004	1.717	0.493
	1176.094	-1.693	-1.688	-0.003	1.710	0.494
	1177.094	-1.693	-1.698	-0.013	1.744	0.494
	1178.094	-1.695	-1.709	-0.024	1.780	0.494
	1179.094	-1.694	-1.703	-0.019	1.762	0.494
	1180.094	-1.697	-1.720	-0.032	1.808	0.494
	1181.094	-1.698	-1.719	-0.031	1.808	0.494
	1182.094	-1.699	-1.719	-0.030	1.804	0.493
	1183.094	-1.698	-1.714	-0.025	1.788	0.493
	1184.094	-1.703	-1.717	-0.023	1.784	0.493
	1185.094	-1.704	-1.709	-0.013	1.749	0.492
	1186.094	-1.704	-1.708	-0.013	1.749	0.491
	1187.094	-1.704	-1.708	-0.012	1.744	0.491
	1188.094	-1.706	-1.701	-0.003	1.713	0.491
	1189.094	-1.704	-1.707	-0.011	1.739	0.491
	1190.094	-1.697	-1.687	0.001	1.696	0.492
	1191.094	-1.697	-1.673	0.016	1.644	0.491
	1192.094	-1.696	-1.671	0.017	1.637	0.492
	1193.094	-1.695	-1.671	0.016	1.638	0.492
	1194.094	-1.693	-1.676	0.010	1.656	0.493
	1195.094	-1.692	-1.680	0.004	1.674	0.493
	1196.094	-1.695	-1.707	-0.021	1.759	0.493
	1197.094	-1.695	-1.727	-0.041	1.827	0.495
	1198.094	-1.695	-1.724	-0.038	1.816	0.494
	1199.094	-1.690	-1.700	-0.018	1.750	0.494
	1200.094	-1.693	-1.716	-0.033	1.801	0.494
	1201.094	-1.699	-1.712	-0.022	1.767	0.493
	1202.094	-1.692	-1.672	0.012	1.650	0.493
	1203.094	-1.691	-1.674	0.009	1.656	0.494
	1204.094	-1.691	-1.675	0.008	1.659	0.494
	1205.094	-1.690	-1.674	0.008	1.654	0.494
	1206.094	-1.689	-1.676	0.005	1.665	0.494
	1207.094	-1.688	-1.681	-0.000	1.681	0.495
	1208.094	-1.686	-1.688	-0.010	1.712	0.495
	1209.094	-1.686	-1.685	-0.007	1.701	0.496
	1210.094	-1.685	-1.685	-0.009	1.705	0.496
	1211.094	-1.684	-1.688	-0.012	1.716	0.496
	1212.094	-1.685	-1.683	-0.007	1.697	0.496
	1213.094	-1.685	-1.678	-0.001	1.676	0.495
	1214.094	-1.685	-1.678	-0.001	1.675	0.496
	1215.094	-1.684	-1.683	-0.007	1.696	0.496
	1216.094	-1.683	-1.683	-0.007	1.695	0.496
	1217.094	-1.683	-1.682	-0.008	1.695	0.496
	1218.094	-1.683	-1.702	-0.028	1.762	0.497
	1219.094	-1.684	-1.709	-0.033	1.782	0.496
	1220.094	-1.682	-1.681	-0.007	1.694	0.496
	1221.094	-1.682	-1.681	-0.006	1.690	0.497
	1222.094	-1.681	-1.681	-0.008	1.695	0.497
	1223.094	-1.680	-1.689	-0.017	1.726	0.497
	1224.094	-1.681	-1.691	-0.019	1.731	0.497
	1225.094	-1.680	-1.698	-0.027	1.758	0.497
	1226.094	-1.680	-1.716	-0.045	1.823	0.498
	1227.094	-1.683	-1.732	-0.059	1.870	0.498
	1228.094	-1.683	-1.710	-0.036	1.797	0.497
	1229.094	-1.682	-1.692	-0.018	1.738	0.497
	1230.094	-1.683	-1.685	-0.009	1.707	0.496
	1231.094	-1.684	-1.697	-0.021	1.747	0.496
	1232.094	-1.684	-1.681	-0.006	1.695	0.496
	1233.094	-1.683	-1.681	-0.006	1.694	0.496
	1234.094	-1.683	-1.683	-0.008	1.700	0.496
	1235.094	-1.683	-1.683	-0.008	1.700	0.496
	1236.094	-1.682	-1.699	-0.025	1.756	0.497
	1237.094	-1.682	-1.714	-0.041	1.813	0.497
	1238.094	-1.682	-1.712	-0.039	1.808	0.497
	1239.094	-1.683	-1.689	-0.014	1.724	0.496
	1240.094	-1.682	-1.691	-0.018	1.736	0.497
	1241.094	-1.684	-1.679	-0.002	1.683	0.496
	1242.094	-1.685	-1.679	-0.003	1.685	0.496
	1243.094	-1.684	-1.678	-0.002	1.680	0.496
	1244.094	-1.681	-1.694	-0.022	1.746	0.498
	1245.094	-1.680	-1.695	-0.024	1.756	0.498
	1246.094	-1.681	-1.696	-0.024	1.753	0.498
	1247.094	-1.681	-1.691	-0.018	1.735	0.498
	1248.094	-1.682	-1.694	-0.021	1.743	0.498
	1249.094	-1.682	-1.685	-0.011	1.712	0.497
	1250.094	-1.681	-1.691	-0.018	1.736	0.498
	1251.094	-1.680	-1.696	-0.025	1.757	0.498
	1252.094	-1.682	-1.692	-0.019	1.738	0.498
	1253.094	-1.683	-1.689	-0.014	1.721	0.497
	1254.094	-1.685	-1.685	-0.008	1.702	0.497
	1255.094	-1.685	-1.680	-0.003	1.684	0.496
	1256.094	-1.684	-1.684	-0.008	1.700	0.497
	1257.094	-1.684	-1.684	-0.008	1.697	0.497
	1258.094	-1.682	-1.691	-0.016	1.726	0.498
	1259.094	-1.679	-1.696	-0.025	1.756	0.498
	1260.094	-1.679	-1.695	-0.025	1.755	0.498
	1261.094	-1.681	-1.690	-0.018	1.730	0.498
	1262.094	-1.679	-1.701	-0.031	1.777	0.498
	1263.094	-1.680	-1.702	-0.032	1.780	0.498
	1264.094	-1.682	-1.717	-0.045	1.826	0.498
	1265.094	-1.686	-1.735	-0.059	1.877	0.498
	1266.094	-1.684	-1.709	-0.034	1.796	0.497
	1267.094	-1.685	-1.685	-0.008	1.707	0.496
	1268.094	-1.685	-1.715	-0.039	1.812	0.497
	1269.094	-1.692	-1.727	-0.045	1.835	0.496
	1270.094	-1.689	-1.699	-0.019	1.748	0.495
	1271.094	-1.686	-1.689	-0.012	1.723	0.496
	1272.094	-1.686	-1.689	-0.011	1.720	0.496
	1273.094	-1.687	-1.706	-0.028	1.778	0.496
	1274.094	-1.689	-1.680	0.001	1.679	0.495
	1275.094	-1.690	-1.687	-0.005	1.698	0.494
	1276.094	-1.690	-1.687	-0.005	1.697	0.494
	1277.094	-1.691	-1.674	0.009	1.648	0.494
	1278.094	-1.687	-1.685	-0.005	1.696	0.495
	1279.094	-1.685	-1.697	-0.020	1.744	0.495
	1280.094	-1.680	-1.696	-0.025	1.762	0.497
	1281.094	-1.678	-1.725	-0.057	1.870	0.497
	1282.094	-1.665	-1.695	-0.039	1.813	0.499
	1283.094	-1.667	-1.734	-0.079	1.950	0.501
	1284.094	-1.670	-1.725	-0.066	1.913	0.499
	1285.094	-1.672	-1.680	-0.016	1.748	0.496
	1286.094	-1.677	-1.681	-0.011	1.730	0.496
	1287.094	-1.680	-1.681	-0.010	1.724	0.496
	1288.094	-1.681	-1.681	-0.008	1.716	0.496
	1289.094	-1.681	-1.689	-0.016	1.744	0.497
	1290.094	-1.684	-1.672	0.003	1.677	0.495
	1291.094	-1.681	-1.692	-0.019	1.750	0.496
	1292.094	-1.684	-1.698	-0.022	1.761	0.495
	1293.094	-1.683	-1.676	-0.001	1.688	0.495
	1294.094	-1.685	-1.680	-0.003	1.694	0.495
	1295.094	-1.681	-1.688	-0.015	1.734	0.497
	1296.094	-1.682	-1.687	-0.014	1.731	0.496
	1297.094	-1.681	-1.689	-0.017	1.738	0.496
	1298.094	-1.682	-1.709	-0.037	1.806	0.496
	1299.094	-1.684	-1.712	-0.037	1.809	0.496
	1300.094	-1.686	-1.732	-0.056	1.875	0.497
	1301.094	-1.681	-1.690	-0.017	1.748	0.497
	1302.094	-1.682	-1.699	-0.025	1.775	0.496
	1303.094	-1.687	-1.709	-0.032	1.798	0.495
	1304.094	-1.683	-1.695	-0.020	1.758	0.496
	1305.094	-1.685	-1.723	-0.048	1.854	0.496
	1306.094	-1.685	-1.709	-0.033	1.805	0.496
	1307.094	-1.686	-1.706	-0.030	1.795	0.496
	1308.094	-1.687	-1.710	-0.032	1.804	0.495
	1309.094	-1.687	-1.680	-0.002	1.703	0.491
	1310.094	-1.690	-1.709	-0.028	1.789	0.494
	1311.094	-1.687	-1.688	-0.009	1.727	0.494
	1312.094	-1.690	-1.668	0.013	1.649	0.493
	1313.094	-1.687	-1.684	-0.005	1.707	0.494
	1314.094	-1.689	-1.699	-0.019	1.755	0.494
	1315.094	-1.688	-1.675	0.005	1.674	0.493
	1316.094	-1.687	-1.682	-0.003	1.698	0.495
	1317.094	-1.688	-1.680	-0.001	1.689	0.495
	1318.094	-1.688	-1.673	0.008	1.660	0.494
	1319.094	-1.687	-1.677	0.003	1.672	0.495
	1320.094	-1.686	-1.678	0.000	1.680	0.495
	1321.094	-1.685	-1.676	0.001	1.677	0.495
	1322.094	-1.682	-1.684	-0.010	1.712	0.496
	1323.094	-1.682	-1.684	-0.010	1.713	0.497
	1324.094	-1.683	-1.681	-0.006	1.699	0.497
	1325.094	-1.675	-1.688	-0.022	1.752	0.498
	1326.094	-1.668	-1.687	-0.029	1.775	0.498
	1327.094	-1.678	-1.741	-0.074	1.929	0.499
	1328.094	-1.674	-1.727	-0.064	1.898	0.498
	1329.094	-1.672	-1.702	-0.039	1.818	0.497
	1330.094	-1.681	-1.705	-0.033	1.798	0.495
	1331.094	-1.679	-1.687	-0.016	1.741	0.496
	1332.094	-1.678	-1.701	-0.032	1.796	0.497
	1333.094	-1.678	-1.688	-0.019	1.752	0.497
	1334.094	-1.677	-1.685	-0.017	1.744	0.496
	1335.094	-1.682	-1.710	-0.038	1.815	0.496
	1336.094	-1.685	-1.728	-0.053	1.869	0.497
	1337.094	-1.686	-1.725	-0.048	1.855	0.496
	1338.094	-1.695	-1.720	-0.034	1.810	0.494
	1339.094	-1.687	-1.686	-0.007	1.720	0.495
	1340.109	-1.690	-1.703	-0.023	1.770	0.494
	1341.812	-1.688	-1.697	-0.017	1.751	0.495
	1342.844	-1.692	-1.687	-0.004	1.703	0.493
	1344.578	-1.691	-1.669	0.014	1.642	0.493
	1345.594	-1.689	-1.673	0.009	1.656	0.493
	1347.437	-1.688	-1.679	0.001	1.678	0.495
	1348.437	-1.688	-1.674	0.006	1.661	0.494
	1349.437	-1.686	-1.683	-0.005	1.696	0.495
	1350.453	-1.684	-1.679	-0.003	1.686	0.496
	1351.984	-1.684	-1.685	-0.009	1.707	0.497
	1353.172	-1.682	-1.682	-0.008	1.700	0.497
	1354.656	-1.681	-1.690	-0.018	1.734	0.497
	1355.656	-1.682	-1.683	-0.010	1.707	0.497
	1356.656	-1.681	-1.683	-0.010	1.707	0.497
	1357.656	-1.681	-1.683	-0.009	1.704	0.497
	1358.656	-1.681	-1.683	-0.010	1.707	0.497
	1359.656	-1.680	-1.684	-0.013	1.714	0.497
	1360.656	-1.679	-1.688	-0.017	1.728	0.498
	1361.656	-1.679	-1.685	-0.014	1.720	0.497
	1362.656	-1.679	-1.683	-0.012	1.712	0.497
	1363.656	-1.679	-1.684	-0.013	1.715	0.497
	1364.656	-1.679	-1.685	-0.014	1.716	0.497
	1365.656	-1.678	-1.701	-0.032	1.777	0.497
	1366.656	-1.678	-1.694	-0.025	1.756	0.498
	1367.656	-1.678	-1.693	-0.025	1.755	0.498
	1368.656	-1.681	-1.685	-0.013	1.716	0.497
	1369.656	-1.682	-1.693	-0.020	1.740	0.498
	1370.656	-1.681	-1.684	-0.011	1.710	0.497
	1371.656	-1.682	-1.686	-0.013	1.714	0.497
	1372.656	-1.681	-1.684	-0.011	1.710	0.497
	1373.656	-1.680	-1.687	-0.015	1.722	0.498
	1374.656	-1.678	-1.696	-0.026	1.759	0.498
	1375.656	-1.678	-1.685	-0.015	1.721	0.498
	1376.656	-1.679	-1.684	-0.013	1.714	0.497
	1377.656	-1.678	-1.687	-0.017	1.726	0.498
	1378.656	-1.677	-1.686	-0.017	1.729	0.493
	1379.656	-1.675	-1.702	-0.036	1.793	0.499
	1380.656	-1.679	-1.709	-0.039	1.805	0.497
	1381.656	-1.681	-1.727	-0.056	1.865	0.498
	1382.656	-1.682	-1.701	-0.028	1.770	0.498
	1383.656	-1.684	-1.702	-0.027	1.769	0.498
	1384.656	-1.685	-1.704	-0.027	1.769	0.498
	1385.656	-1.686	-1.699	-0.022	1.753	0.497
	1386.656	-1.681	-1.688	-0.015	1.729	0.497
	1387.656	-1.682	-1.681	-0.007	1.700	0.496
	1388.656	-1.684	-1.682	-0.006	1.697	0.495
	1389.656	-1.682	-1.684	-0.011	1.711	0.496
	1390.656	-1.682	-1.684	-0.010	1.709	0.496
	1391.656	-1.681	-1.685	-0.013	1.719	0.493
	1392.656	-1.681	-1.695	-0.023	1.750	0.490
	1393.656	-1.680	-1.689	-0.018	1.734	0.491
	1394.656	-1.680	-1.697	-0.026	1.761	0.494
	1395.656	-1.678	-1.698	-0.030	1.775	0.492
	1396.672	-1.680	-1.692	-0.020	1.744	0.491
	1397.672	-1.678	-1.699	-0.030	1.776	0.492
	1398.672	-1.682	-1.726	-0.054	1.859	0.492
	1399.672	-1.683	-1.700	-0.027	1.770	0.490
	1400.672	-1.684	-1.681	-0.005	1.699	0.485
	1401.672	-1.687	-1.703	-0.025	1.764	0.482
	1402.672	-1.686	-1.704	-0.027	1.771	0.489
	1403.672	-1.685	-1.692	-0.016	1.735	0.489
	1404.672	-1.690	-1.707	-0.027	1.771	0.488
	1405.672	-1.685	-1.688	-0.011	1.718	0.487
	1406.672	-1.686	-1.694	-0.016	1.735	0.488
	1407.672	-1.687	-1.674	0.005	1.663	0.481
	1408.672	-1.684	-1.682	-0.006	1.698	0.467
	1409.672	-1.685	-1.692	-0.016	1.731	0.447
	1410.672	-1.683	-1.699	-0.025	1.761	0.453
	1411.672	-1.683	-1.714	-0.041	1.814	0.454
	1412.672	-1.683	-1.707	-0.034	1.792	0.453
	1413.672	-1.684	-1.714	-0.039	1.812	0.453
	1414.672	-1.684	-1.690	-0.015	1.731	0.446
	1415.672	-1.683	-1.700	-0.026	1.768	0.432
	1416.672	-1.687	-1.696	-0.018	1.743	0.382
	1417.672	-1.686	-1.710	-0.034	1.798	0.389
	1418.672	-1.689	-1.695	-0.014	1.731	0.389
	1419.672	-1.690	-1.694	-0.013	1.724	0.389
	1420.672	-1.688	-1.693	-0.013	1.725	0.389
	1421.672	-1.687	-1.687	-0.008	1.709	0.389
	1422.672	-1.689	-1.694	-0.014	1.728	0.383
	1423.672	-1.690	-1.683	-0.001	1.682	0.355
	1424.672	-1.689	-1.684	-0.003	1.688	0.309
	1425.672	-1.681	-1.696	-0.023	1.756	0.317
	1426.672	-1.683	-1.693	-0.018	1.740	0.316
	1427.672	-1.683	-1.711	-0.037	1.804	0.316
	1428.672	-1.683	-1.702	-0.027	1.771	0.315
	1429.672	-1.686	-1.677	0.002	1.673	0.314
	1430.672	-1.686	-1.683	-0.006	1.696	0.308
	1431.672	-1.684	-1.686	-0.010	1.710	0.239
	1432.672	-1.687	-1.682	-0.002	1.684	0.230
	1433.672	-1.685	-1.691	-0.015	1.724	0.231
	1434.672	-1.683	-1.700	-0.025	1.759	0.232
	1435.672	-1.686	-1.718	-0.042	1.814	0.231
	1436.672	-1.685	-1.709	-0.033	1.789	0.231
	1437.672	-1.684	-1.688	-0.013	1.720	0.231
	1438.672	-1.684	-1.697	-0.021	1.748	0.224
	1439.672	-1.689	-1.714	-0.035	1.795	0.152
	1440.672	-1.685	-1.696	-0.020	1.744	0.151
	1441.672	-1.689	-1.721	-0.042	1.820	0.151
	1442.672	-1.687	-1.706	-0.028	1.774	0.151
	1443.672	-1.687	-1.697	-0.018	1.743	0.151
	1444.672	-1.689	-1.713	-0.034	1.795	0.145
	1445.672	-1.690	-1.716	-0.035	1.800	0.144
	1446.672	-1.689	-1.695	-0.015	1.735	0.099
	1447.672	-1.689	-1.680	0.002	1.676	0.079
	1448.672	-1.693	-1.690	-0.006	1.702	0.080
	1449.672	-1.690	-1.684	-0.002	1.688	0.080
	1450.672	-1.689	-1.683	-0.002	1.686	0.080
	1451.672	-1.688	-1.685	-0.006	1.697	0.080
	1452.672	-1.687	-1.696	-0.017	1.736	0.080
	1453.672	-1.688	-1.696	-0.017	1.733	0.080
	1454.672	-1.687	-1.691	-0.013	1.722	0.080
	1455.672	-1.687	-1.692	-0.014	1.724	0.073
	1456.672	-1.688	-1.682	-0.002	1.683	0.055
	1457.672	-1.689	-1.691	-0.010	1.709	0.028
	1458.672	-1.684	-1.693	-0.017	1.731	0.033
	1459.672	-1.686	-1.712	-0.034	1.792	0.033
	1460.672	-1.685	-1.690	-0.014	1.722	0.033
	1461.672	-1.686	-1.687	-0.009	1.704	0.033
	1462.672	-1.685	-1.685	-0.008	1.701	0.032
	1463.672	-1.687	-1.690	-0.012	1.713	0.032
	1464.672	-1.686	-1.686	-0.009	1.701	0.026
	1465.672	-1.687	-1.692	-0.013	1.716	0.004
	1466.672	-1.683	-1.694	-0.020	1.739	0.010
	1467.672	-1.684	-1.690	-0.014	1.719	0.010
	1468.672	-1.684	-1.690	-0.014	1.720	0.010
	1469.672	-1.684	-1.691	-0.016	1.724	0.010
	1470.672	-1.682	-1.689	-0.016	1.723	0.010
	1471.672	-1.681	-1.692	-0.019	1.734	0.010
	1472.672	-1.681	-1.695	-0.022	1.747	0.005
	1473.672	-1.681	-1.700	-0.028	1.766	0.003
	1474.672	-1.682	-1.694	-0.021	1.743	0.014
	1475.672	-1.685	-1.694	-0.018	1.734	0.020
	1476.672	-1.686	-1.698	-0.021	1.744	0.020
	1477.672	-1.683	-1.689	-0.014	1.721	0.020
	1478.672	-1.683	-1.686	-0.012	1.712	0.014
	1479.672	-1.681	-1.690	-0.017	1.730	0.018
	1480.672	-1.686	-1.699	-0.022	1.747	0.018
	1481.672	-1.683	-1.691	-0.016	1.727	0.018
	1482.672	-1.688	-1.709	-0.030	1.775	0.018
	1483.672	-1.687	-1.707	-0.028	1.769	0.018
	1484.672	-1.687	-1.705	-0.026	1.764	0.019
	1485.672	-1.688	-1.705	-0.026	1.764	0.018
	1486.672	-1.689	-1.703	-0.023	1.756	0.018
	1487.672	-1.686	-1.691	-0.013	1.721	0.012
	1488.672	-1.688	-1.699	-0.019	1.740	0.021
	1489.672	-1.690	-1.716	-0.034	1.792	0.052
	1490.672	-1.690	-1.709	-0.027	1.771	0.053
	1491.672	-1.688	-1.691	-0.011	1.716	0.053
	1492.672	-1.690	-1.703	-0.022	1.752	0.053
	1493.672	-1.690	-1.703	-0.021	1.748	0.053
	1494.672	-1.689	-1.697	-0.016	1.732	0.053
	1495.672	-1.686	-1.685	-0.008	1.703	0.053
	1496.672	-1.684	-1.687	-0.010	1.713	0.054
	1497.672	-1.685	-1.681	-0.003	1.687	0.107
	1498.672	-1.685	-1.691	-0.014	1.723	0.112
	1499.672	-1.685	-1.706	-0.031	1.778	0.112
	1500.672	-1.684	-1.694	-0.019	1.740	0.112
	1501.672	-1.688	-1.692	-0.013	1.720	0.112
	1502.672	-1.686	-1.682	-0.004	1.690	0.106
	1503.672	-1.682	-1.690	-0.017	1.731	0.170
	1504.672	-1.683	-1.686	-0.011	1.711	0.186
	1505.672	-1.686	-1.682	-0.005	1.691	0.189
	1506.672	-1.684	-1.684	-0.008	1.700	0.193
	1507.672	-1.683	-1.687	-0.012	1.713	0.193
	1508.672	-1.682	-1.693	-0.019	1.735	0.193
	1509.672	-1.683	-1.695	-0.021	1.743	0.188
	1510.672	-1.681	-1.707	-0.035	1.792	0.247
	1511.672	-1.682	-1.688	-0.014	1.721	0.280
	1512.672	-1.683	-1.683	-0.008	1.701	0.279
	1513.672	-1.681	-1.697	-0.025	1.759	0.281
	1514.672	-1.687	-1.697	-0.018	1.734	0.280
	1515.672	-1.684	-1.695	-0.020	1.742	0.280
	1516.672	-1.683	-1.697	-0.023	1.752	0.280
	1517.672	-1.681	-1.698	-0.026	1.763	0.274
	1518.672	-1.685	-1.681	-0.004	1.689	0.352
	1519.672	-1.687	-1.683	-0.005	1.691	0.359
	1520.672	-1.683	-1.697	-0.022	1.747	0.360
	1521.672	-1.683	-1.700	-0.025	1.758	0.360
	1522.672	-1.685	-1.678	-0.000	1.675	0.359
	1523.672	-1.687	-1.682	-0.002	1.680	0.359
	1524.672	-1.684	-1.685	-0.009	1.701	0.353
	1525.672	-1.680	-1.698	-0.028	1.763	0.416
	1526.672	-1.679	-1.712	-0.042	1.815	0.426
	1527.672	-1.682	-1.707	-0.033	1.785	0.425
	1528.672	-1.684	-1.720	-0.046	1.831	0.425
	1529.672	-1.684	-1.695	-0.020	1.745	0.424
	1530.672	-1.682	-1.698	-0.025	1.764	0.420
	1531.703	-1.683	-1.706	-0.032	1.788	0.471
	1532.703	-1.686	-1.683	-0.005	1.697	0.475
	1533.703	-1.685	-1.693	-0.017	1.734	0.476
	1534.703	-1.685	-1.693	-0.016	1.733	0.476
	1535.703	-1.687	-1.683	-0.003	1.689	0.475
	1536.703	-1.688	-1.688	-0.007	1.700	0.475
	1537.703	-1.683	-1.699	-0.025	1.761	0.477
	1538.703	-1.686	-1.682	-0.004	1.689	0.470
	1539.703	-1.684	-1.689	-0.014	1.721	0.477
	1540.703	-1.689	-1.724	-0.045	1.826	0.494
	1541.703	-1.686	-1.684	-0.005	1.694	0.494
	1542.703	-1.688	-1.688	-0.008	1.702	0.494
	1543.703	-1.688	-1.680	0.001	1.671	0.493
	1544.703	-1.687	-1.682	-0.003	1.681	0.494
	1545.703	-1.685	-1.683	-0.006	1.692	0.494
	1546.703	-1.687	-1.672	0.008	1.642	0.493
	1547.703	-1.685	-1.677	-0.000	1.668	0.494
	1548.703	-1.685	-1.694	-0.016	1.722	0.495
	1549.703	-1.682	-1.705	-0.032	1.776	0.497
	1550.703	-1.682	-1.709	-0.036	1.790	0.497
	1551.703	-1.681	-1.703	-0.032	1.777	0.497
	1552.703	-1.683	-1.707	-0.033	1.785	0.496
	1553.703	-1.685	-1.702	-0.025	1.757	0.495
	1554.703	-1.687	-1.700	-0.022	1.748	0.495
	1555.703	-1.685	-1.688	-0.010	1.707	0.494
	1556.703	-1.683	-1.698	-0.024	1.754	0.495
	1557.703	-1.686	-1.672	0.006	1.650	0.493
	1558.703	-1.685	-1.685	-0.008	1.696	0.494
	1559.703	-1.683	-1.695	-0.021	1.740	0.495
	1560.703	-1.683	-1.706	-0.032	1.779	0.495
	1561.703	-1.681	-1.707	-0.035	1.788	0.495
	1562.703	-1.681	-1.705	-0.032	1.781	0.496
	1563.703	-1.684	-1.696	-0.021	1.744	0.495
	1564.703	-1.686	-1.694	-0.016	1.727	0.495
	1565.703	-1.685	-1.689	-0.011	1.712	0.494
	1566.703	-1.686	-1.701	-0.024	1.754	0.495
	1567.703	-1.691	-1.708	-0.026	1.760	0.494
	1568.703	-1.689	-1.696	-0.015	1.724	0.494
	1569.703	-1.689	-1.710	-0.030	1.775	0.495
	1570.703	-1.690	-1.693	-0.011	1.712	0.494
	1571.703	-1.689	-1.698	-0.017	1.730	0.494
	1572.703	-1.689	-1.704	-0.024	1.755	0.495
	1573.703	-1.687	-1.696	-0.017	1.734	0.494
	1574.703	-1.685	-1.701	-0.024	1.756	0.494
	1575.703	-1.686	-1.706	-0.029	1.774	0.494
	1576.703	-1.686	-1.700	-0.022	1.752	0.494
	1577.703	-1.687	-1.693	-0.014	1.724	0.494
	1578.703	-1.690	-1.692	-0.011	1.712	0.493
	1579.703	-1.689	-1.693	-0.012	1.716	0.494
	1580.703	-1.686	-1.694	-0.016	1.730	0.494
	1581.703	-1.687	-1.693	-0.014	1.722	0.494
	1582.703	-1.688	-1.691	-0.011	1.711	0.494
	1583.703	-1.687	-1.692	-0.013	1.719	0.494
	1584.703	-1.688	-1.692	-0.011	1.712	0.494
	1585.703	-1.690	-1.701	-0.019	1.737	0.494
	1586.703	-1.690	-1.703	-0.020	1.742	0.494
	1587.703	-1.691	-1.703	-0.021	1.744	0.494
	1588.703	-1.689	-1.690	-0.010	1.706	0.493
	1589.703	-1.688	-1.690	-0.010	1.706	0.493
	1590.703	-1.688	-1.693	-0.014	1.720	0.493
	1591.703	-1.687	-1.695	-0.016	1.726	0.494
	1592.703	-1.687	-1.694	-0.015	1.722	0.494
	1593.703	-1.687	-1.696	-0.018	1.732	0.494
	1594.703	-1.687	-1.696	-0.018	1.733	0.494
	1595.703	-1.688	-1.712	-0.033	1.783	0.493
	1596.703	-1.687	-1.695	-0.017	1.731	0.493
	1597.703	-1.688	-1.695	-0.016	1.726	0.493
	1598.703	-1.687	-1.704	-0.024	1.755	0.493
	1599.703	-1.688	-1.699	-0.020	1.740	0.493
	1600.703	-1.689	-1.691	-0.010	1.706	0.492
	1601.703	-1.687	-1.702	-0.023	1.749	0.493
	1602.703	-1.687	-1.696	-0.018	1.731	0.493
	1603.703	-1.690	-1.683	-0.001	1.676	0.493
	1604.703	-1.688	-1.694	-0.013	1.715	0.493
	1605.703	-1.691	-1.683	0.000	1.669	0.492
	1606.703	-1.689	-1.686	-0.005	1.684	0.493
	1607.703	-1.687	-1.715	-0.038	1.794	0.494
	1608.703	-1.688	-1.689	-0.009	1.697	0.494
	1609.703	-1.686	-1.695	-0.017	1.724	0.494
	1610.703	-1.686	-1.700	-0.023	1.745	0.494
