	0.000	-1.693	-1.714	-0.036	1.999	0.506
	1.000	-1.692	-1.709	-0.033	1.988	0.506
	2.000	-1.691	-1.727	-0.053	2.056	0.507
	3.000	-1.691	-1.694	-0.018	1.942	0.505
	4.000	-1.687	-1.683	-0.010	1.914	0.506
	5.000	-1.687	-1.690	-0.018	1.940	0.506
	6.000	-1.685	-1.697	-0.027	1.970	0.507
	7.000	-1.688	-1.713	-0.042	2.019	0.507
	8.000	-1.694	-1.709	-0.031	1.985	0.505
	9.000	-1.691	-1.704	-0.028	1.976	0.506
	10.000	-1.687	-1.683	-0.011	1.920	0.505
	11.000	-1.687	-1.677	-0.005	1.896	0.505
	12.000	-1.686	-1.678	-0.006	1.900	0.505
	13.000	-1.686	-1.686	-0.015	1.926	0.506
	14.000	-1.684	-1.696	-0.027	1.967	0.507
	15.000	-1.680	-1.709	-0.045	2.029	0.509
	16.000	-1.684	-1.680	-0.011	1.913	0.506
	17.000	-1.684	-1.679	-0.010	1.910	0.506
	18.000	-1.682	-1.685	-0.019	1.937	0.507
	19.000	-1.682	-1.678	-0.011	1.911	0.507
	20.000	-1.681	-1.681	-0.015	1.922	0.507
	21.000	-1.681	-1.679	-0.013	1.917	0.507
	22.000	-1.679	-1.684	-0.020	1.939	0.508
	23.000	-1.681	-1.697	-0.032	1.977	0.508
	24.000	-1.685	-1.724	-0.056	2.061	0.508
	25.000	-1.686	-1.713	-0.043	2.019	0.507
	26.000	-1.689	-1.734	-0.064	2.090	0.508
	27.000	-1.683	-1.743	-0.078	2.143	0.510
	28.000	-1.684	-1.743	-0.076	2.140	0.509
	29.000	-1.684	-1.686	-0.018	1.948	0.507
	30.000	-1.689	-1.716	-0.043	2.031	0.507
	31.000	-1.692	-1.700	-0.023	1.967	0.505
	32.000	-1.696	-1.716	-0.036	2.009	0.505
	33.000	-1.697	-1.706	-0.025	1.972	0.504
	34.000	-1.691	-1.743	-0.069	2.121	0.507
	35.000	-1.686	-1.709	-0.040	2.026	0.507
	36.000	-1.690	-1.680	-0.005	1.910	0.504
	37.000	-1.688	-1.692	-0.020	1.957	0.505
	38.000	-1.689	-1.690	-0.017	1.946	0.506
	39.000	-1.688	-1.688	-0.015	1.941	0.505
	40.000	-1.687	-1.699	-0.027	1.980	0.506
	41.000	-1.687	-1.704	-0.033	2.000	0.507
	42.000	-1.692	-1.665	0.013	1.847	0.503
	43.000	-1.691	-1.669	0.009	1.856	0.503
	44.000	-1.691	-1.671	0.006	1.864	0.504
	45.000	-1.688	-1.678	-0.004	1.896	0.505
	46.000	-1.688	-1.681	-0.008	1.907	0.505
	47.000	-1.686	-1.682	-0.011	1.914	0.506
	48.000	-1.686	-1.677	-0.005	1.895	0.505
	49.000	-1.686	-1.674	-0.002	1.881	0.505
	50.000	-1.679	-1.709	-0.046	2.029	0.509
	51.000	-1.682	-1.695	-0.029	1.972	0.508
	52.000	-1.682	-1.712	-0.047	2.034	0.508
	53.000	-1.680	-1.703	-0.039	2.008	0.509
	54.000	-1.681	-1.697	-0.031	1.985	0.508
	55.000	-1.680	-1.707	-0.044	2.026	0.509
	56.000	-1.684	-1.726	-0.060	2.081	0.509
	57.000	-1.684	-1.712	-0.045	2.037	0.508
	58.000	-1.686	-1.713	-0.044	2.032	0.507
	59.000	-1.687	-1.700	-0.028	1.982	0.506
	60.000	-1.687	-1.717	-0.046	2.041	0.507
	61.000	-1.689	-1.706	-0.032	1.997	0.506
	62.000	-1.692	-1.683	-0.006	1.909	0.504
	63.000	-1.693	-1.714	-0.037	2.011	0.505
	64.000	-1.693	-1.682	-0.003	1.898	0.503
	65.000	-1.696	-1.695	-0.013	1.930	0.500
	66.000	-1.697	-1.694	-0.012	1.924	0.503
	67.000	-1.692	-1.676	0.001	1.878	0.504
	68.000	-1.690	-1.668	0.008	1.855	0.502
	69.000	-1.688	-1.675	-0.001	1.882	0.504
	70.000	-1.689	-1.677	-0.002	1.883	0.505
	71.000	-1.691	-1.692	-0.016	1.929	0.505
	72.000	-1.690	-1.694	-0.019	1.936	0.505
	73.000	-1.687	-1.677	-0.005	1.889	0.506
	74.000	-1.686	-1.685	-0.014	1.917	0.506
	75.000	-1.684	-1.690	-0.021	1.939	0.507
	76.000	-1.685	-1.681	-0.011	1.906	0.507
	77.000	-1.683	-1.687	-0.019	1.934	0.503
	78.000	-1.679	-1.702	-0.039	1.997	0.507
	79.000	-1.682	-1.686	-0.018	1.929	0.507
	80.000	-1.682	-1.694	-0.028	1.962	0.508
	81.000	-1.681	-1.683	-0.016	1.923	0.508
	82.000	-1.682	-1.686	-0.020	1.933	0.508
	83.000	-1.680	-1.688	-0.023	1.946	0.508
	84.000	-1.681	-1.684	-0.018	1.928	0.508
	85.000	-1.680	-1.685	-0.019	1.930	0.508
	86.000	-1.680	-1.683	-0.018	1.927	0.508
	87.000	-1.685	-1.707	-0.038	1.994	0.508
	88.000	-1.685	-1.716	-0.047	2.025	0.509
	89.000	-1.684	-1.727	-0.061	2.074	0.510
	90.000	-1.688	-1.706	-0.034	1.986	0.508
	91.000	-1.686	-1.705	-0.035	1.991	0.508
	92.000	-1.687	-1.697	-0.025	1.958	0.506
	93.000	-1.688	-1.697	-0.025	1.958	0.507
	94.000	-1.689	-1.698	-0.025	1.958	0.507
	95.000	-1.686	-1.705	-0.035	1.992	0.508
	96.000	-1.687	-1.690	-0.018	1.936	0.507
	97.000	-1.685	-1.696	-0.026	1.962	0.508
	98.000	-1.686	-1.693	-0.022	1.947	0.507
	99.000	-1.687	-1.692	-0.020	1.941	0.507
	100.000	-1.683	-1.696	-0.028	1.968	0.508
	101.000	-1.682	-1.693	-0.027	1.965	0.508
	102.000	-1.683	-1.685	-0.017	1.930	0.507
	103.000	-1.680	-1.703	-0.039	2.005	0.509
	104.000	-1.683	-1.685	-0.017	1.932	0.507
	105.000	-1.684	-1.683	-0.014	1.922	0.507
	106.000	-1.685	-1.687	-0.017	1.930	0.507
	107.000	-1.683	-1.688	-0.020	1.941	0.507
	108.000	-1.684	-1.685	-0.016	1.925	0.507
	109.000	-1.682	-1.682	-0.015	1.922	0.507
	110.000	-1.682	-1.683	-0.015	1.923	0.507
	111.000	-1.681	-1.682	-0.016	1.924	0.507
	112.000	-1.680	-1.684	-0.019	1.933	0.508
	113.000	-1.681	-1.684	-0.018	1.930	0.508
	114.000	-1.679	-1.689	-0.026	1.955	0.509
	115.000	-1.677	-1.701	-0.041	2.004	0.510
	116.000	-1.678	-1.700	-0.039	2.000	0.510
	117.000	-1.683	-1.699	-0.032	1.979	0.508
	118.000	-1.681	-1.687	-0.022	1.944	0.508
	119.000	-1.681	-1.684	-0.018	1.932	0.508
	120.000	-1.679	-1.688	-0.024	1.950	0.508
	121.000	-1.675	-1.717	-0.059	2.068	0.511
	122.000	-1.679	-1.693	-0.029	1.973	0.509
	123.000	-1.680	-1.697	-0.033	1.985	0.509
	124.000	-1.682	-1.700	-0.033	1.986	0.508
	125.000	-1.684	-1.701	-0.034	1.989	0.508
	126.000	-1.683	-1.698	-0.030	1.977	0.508
	127.000	-1.686	-1.699	-0.029	1.973	0.507
	128.000	-1.689	-1.698	-0.024	1.957	0.507
	129.000	-1.690	-1.701	-0.027	1.966	0.507
	130.000	-1.688	-1.691	-0.018	1.939	0.506
	131.000	-1.688	-1.689	-0.016	1.931	0.506
	132.000	-1.690	-1.709	-0.036	1.995	0.507
	133.000	-1.693	-1.718	-0.042	2.019	0.507
	134.000	-1.690	-1.716	-0.042	2.018	0.507
	135.000	-1.685	-1.683	-0.013	1.921	0.506
	136.000	-1.687	-1.680	-0.007	1.903	0.506
	137.000	-1.686	-1.676	-0.004	1.889	0.506
	138.000	-1.686	-1.675	-0.004	1.887	0.506
	139.000	-1.686	-1.680	-0.008	1.900	0.506
	140.000	-1.684	-1.689	-0.020	1.939	0.507
	141.000	-1.680	-1.706	-0.042	2.013	0.509
	142.000	-1.685	-1.679	-0.009	1.905	0.506
	143.000	-1.685	-1.691	-0.021	1.944	0.507
	144.000	-1.684	-1.687	-0.018	1.934	0.507
	145.000	-1.682	-1.699	-0.033	1.983	0.508
	146.000	-1.685	-1.699	-0.029	1.972	0.507
	147.000	-1.686	-1.677	-0.005	1.891	0.506
	148.000	-1.682	-1.702	-0.036	1.995	0.508
	149.000	-1.688	-1.682	-0.009	1.904	0.506
	150.000	-1.685	-1.681	-0.011	1.909	0.506
	151.000	-1.683	-1.711	-0.044	2.021	0.509
	152.000	-1.683	-1.702	-0.036	1.994	0.508
	153.000	-1.694	-1.711	-0.033	1.984	0.506
	154.000	-1.696	-1.722	-0.043	2.019	0.506
	155.000	-1.696	-1.727	-0.047	2.035	0.506
	156.000	-1.699	-1.715	-0.031	1.983	0.505
	157.000	-1.697	-1.732	-0.052	2.054	0.506
	158.000	-1.697	-1.740	-0.060	2.086	0.507
	159.000	-1.701	-1.724	-0.040	2.019	0.505
	160.000	-1.702	-1.721	-0.035	2.003	0.504
	161.000	-1.704	-1.710	-0.022	1.962	0.503
	162.000	-1.706	-1.697	-0.007	1.910	0.502
	163.000	-1.705	-1.701	-0.010	1.920	0.502
	164.000	-1.705	-1.697	-0.007	1.906	0.502
	165.000	-1.702	-1.689	-0.002	1.888	0.502
	166.000	-1.698	-1.684	-0.000	1.880	0.503
	167.000	-1.700	-1.690	-0.004	1.890	0.503
	168.000	-1.700	-1.714	-0.030	1.976	0.504
	169.000	-1.702	-1.700	-0.014	1.921	0.503
	170.000	-1.698	-1.706	-0.024	1.955	0.504
	171.000	-1.694	-1.713	-0.034	1.991	0.506
	172.000	-1.695	-1.722	-0.044	2.022	0.506
	173.000	-1.696	-1.719	-0.040	2.010	0.506
	174.000	-1.699	-1.716	-0.032	1.987	0.505
	175.000	-1.700	-1.708	-0.024	1.960	0.504
	176.000	-1.702	-1.700	-0.013	1.920	0.503
	177.000	-1.703	-1.703	-0.015	1.926	0.503
	178.000	-1.702	-1.716	-0.030	1.977	0.504
	179.000	-1.704	-1.706	-0.017	1.933	0.503
	180.000	-1.703	-1.707	-0.019	1.940	0.503
	181.000	-1.704	-1.707	-0.018	1.934	0.503
	182.000	-1.704	-1.703	-0.015	1.924	0.503
	183.000	-1.702	-1.711	-0.023	1.952	0.504
	184.000	-1.703	-1.706	-0.017	1.931	0.503
	185.000	-1.702	-1.703	-0.016	1.925	0.503
	186.000	-1.699	-1.707	-0.023	1.949	0.504
	187.000	-1.700	-1.703	-0.017	1.930	0.504
	188.000	-1.699	-1.696	-0.011	1.908	0.504
	189.000	-1.694	-1.699	-0.020	1.938	0.505
	190.000	-1.693	-1.681	-0.002	1.875	0.504
	191.000	-1.692	-1.685	-0.007	1.890	0.505
	192.000	-1.691	-1.687	-0.010	1.898	0.505
	193.000	-1.688	-1.681	-0.008	1.889	0.506
	194.000	-1.694	-1.702	-0.023	1.939	0.506
	195.000	-1.687	-1.678	-0.006	1.881	0.506
	196.000	-1.685	-1.678	-0.008	1.886	0.506
	197.000	-1.690	-1.703	-0.029	1.955	0.507
	198.000	-1.693	-1.724	-0.048	2.019	0.507
	199.000	-1.694	-1.721	-0.043	2.005	0.507
	200.000	-1.696	-1.721	-0.041	2.003	0.506
	201.000	-1.695	-1.724	-0.045	2.018	0.507
	202.000	-1.695	-1.720	-0.042	2.009	0.507
	203.000	-1.692	-1.709	-0.032	1.977	0.506
	204.000	-1.694	-1.720	-0.042	2.012	0.507
	205.000	-1.696	-1.700	-0.019	1.936	0.505
	206.000	-1.694	-1.691	-0.011	1.909	0.505
	207.000	-1.696	-1.705	-0.024	1.949	0.505
	208.000	-1.695	-1.702	-0.022	1.943	0.505
	209.000	-1.696	-1.701	-0.020	1.935	0.505
	210.000	-1.698	-1.723	-0.042	2.012	0.506
	211.000	-1.699	-1.711	-0.027	1.961	0.505
	212.000	-1.700	-1.714	-0.029	1.971	0.505
	213.000	-1.698	-1.711	-0.029	1.971	0.505
	214.000	-1.691	-1.679	-0.002	1.880	0.505
	215.000	-1.694	-1.683	-0.004	1.883	0.504
	216.000	-1.700	-1.716	-0.032	1.975	0.505
	217.000	-1.700	-1.713	-0.028	1.964	0.505
	218.000	-1.695	-1.712	-0.033	1.982	0.506
	219.000	-1.696	-1.702	-0.021	1.940	0.505
	220.000	-1.695	-1.697	-0.016	1.923	0.505
	221.000	-1.698	-1.705	-0.022	1.941	0.504
	222.000	-1.695	-1.696	-0.015	1.920	0.505
	223.000	-1.696	-1.700	-0.019	1.932	0.505
	224.000	-1.695	-1.703	-0.023	1.945	0.505
	225.000	-1.694	-1.695	-0.015	1.919	0.505
	226.000	-1.698	-1.718	-0.036	1.989	0.505
	227.000	-1.691	-1.689	-0.012	1.909	0.505
	228.000	-1.698	-1.721	-0.039	1.998	0.505
	229.000	-1.698	-1.707	-0.025	1.952	0.505
	230.000	-1.693	-1.705	-0.027	1.958	0.506
	231.000	-1.700	-1.719	-0.035	1.987	0.504
	232.000	-1.695	-1.751	-0.074	2.120	0.507
	233.000	-1.693	-1.708	-0.031	1.977	0.493
	234.000	-1.692	-1.722	-0.045	2.025	0.500
	235.000	-1.693	-1.708	-0.032	1.981	0.495
	236.000	-1.700	-1.724	-0.040	2.008	0.496
	237.000	-1.699	-1.742	-0.059	2.076	0.494
	238.000	-1.704	-1.725	-0.037	2.003	0.492
	239.000	-1.704	-1.730	-0.042	2.022	0.493
	240.000	-1.704	-1.708	-0.019	1.944	0.491
	241.000	-1.704	-1.699	-0.009	1.911	0.491
	242.000	-1.706	-1.729	-0.039	2.012	0.492
	243.000	-1.708	-1.715	-0.022	1.956	0.491
	244.000	-1.709	-1.702	-0.008	1.910	0.490
	245.000	-1.709	-1.702	-0.008	1.905	0.490
	246.000	-1.710	-1.697	0.000	1.878	0.489
	247.000	-1.706	-1.726	-0.035	1.995	0.492
	248.000	-1.710	-1.705	-0.010	1.911	0.490
	249.000	-1.710	-1.707	-0.011	1.914	0.489
	250.000	-1.701	-1.688	-0.002	1.878	0.491
	251.000	-1.703	-1.675	0.015	1.821	0.490
	252.000	-1.708	-1.701	-0.007	1.892	0.490
	253.000	-1.699	-1.684	0.001	1.863	0.491
	254.000	-1.701	-1.686	0.001	1.860	0.491
	255.000	-1.698	-1.692	-0.008	1.889	0.492
	256.000	-1.703	-1.710	-0.021	1.932	0.491
	257.000	-1.701	-1.718	-0.032	1.969	0.493
	258.000	-1.699	-1.719	-0.036	1.981	0.493
	259.000	-1.699	-1.729	-0.046	2.018	0.494
	260.000	-1.695	-1.743	-0.065	2.084	0.495
	261.000	-1.695	-1.739	-0.061	2.072	0.495
	262.000	-1.696	-1.728	-0.049	2.038	0.477
	263.000	-1.703	-1.736	-0.050	2.043	0.451
	264.000	-1.704	-1.740	-0.053	2.054	0.451
	265.000	-1.706	-1.728	-0.038	2.006	0.450
	266.000	-1.704	-1.708	-0.019	1.944	0.449
	267.000	-1.703	-1.712	-0.024	1.959	0.449
	268.000	-1.699	-1.676	0.010	1.844	0.448
	269.000	-1.705	-1.701	-0.011	1.911	0.448
	270.000	-1.697	-1.700	-0.018	1.935	0.450
	271.000	-1.699	-1.681	0.004	1.857	0.448
	272.000	-1.701	-1.678	0.008	1.843	0.448
	273.000	-1.698	-1.666	0.018	1.805	0.448
	274.000	-1.693	-1.685	-0.007	1.887	0.450
	275.000	-1.696	-1.723	-0.043	2.006	0.452
	276.000	-1.697	-1.726	-0.045	2.016	0.452
	277.000	-1.697	-1.729	-0.049	2.030	0.452
	278.000	-1.693	-1.704	-0.026	1.956	0.451
	279.000	-1.694	-1.711	-0.033	1.981	0.452
	280.000	-1.694	-1.711	-0.032	1.979	0.452
	281.000	-1.703	-1.729	-0.043	2.015	0.451
	282.000	-1.701	-1.740	-0.056	2.059	0.451
	283.000	-1.702	-1.731	-0.045	2.027	0.450
	284.000	-1.705	-1.724	-0.035	1.993	0.449
	285.000	-1.707	-1.728	-0.037	2.002	0.449
	286.000	-1.708	-1.723	-0.032	1.984	0.449
	287.000	-1.711	-1.704	-0.007	1.903	0.447
	288.000	-1.709	-1.706	-0.012	1.915	0.448
	289.000	-1.707	-1.710	-0.018	1.936	0.448
	290.000	-1.704	-1.716	-0.027	1.966	0.449
	291.000	-1.706	-1.708	-0.017	1.933	0.448
	292.000	-1.708	-1.711	-0.019	1.937	0.448
	293.000	-1.706	-1.729	-0.039	2.004	0.449
	294.000	-1.705	-1.732	-0.043	2.020	0.450
	295.000	-1.709	-1.714	-0.020	1.944	0.448
	296.000	-1.709	-1.712	-0.017	1.934	0.448
	297.000	-1.708	-1.709	-0.017	1.932	0.448
	298.000	-1.701	-1.711	-0.025	1.957	0.450
	299.000	-1.704	-1.720	-0.032	1.982	0.450
	300.000	-1.705	-1.707	-0.017	1.932	0.449
	301.000	-1.708	-1.698	-0.005	1.889	0.448
	302.000	-1.706	-1.689	0.003	1.861	0.448
	303.000	-1.704	-1.694	-0.004	1.883	0.448
	304.000	-1.704	-1.713	-0.025	1.950	0.449
	305.000	-1.705	-1.720	-0.030	1.970	0.449
	306.000	-1.703	-1.709	-0.021	1.940	0.449
	307.000	-1.704	-1.701	-0.012	1.909	0.449
	308.000	-1.701	-1.708	-0.022	1.941	0.450
	309.000	-1.698	-1.709	-0.027	1.957	0.451
	310.000	-1.698	-1.717	-0.035	1.984	0.451
	311.000	-1.699	-1.716	-0.033	1.977	0.450
	312.000	-1.698	-1.724	-0.043	2.014	0.451
	313.000	-1.706	-1.710	-0.020	1.936	0.431
	314.000	-1.702	-1.736	-0.050	2.039	0.388
	315.000	-1.700	-1.712	-0.027	1.964	0.385
	316.000	-1.701	-1.702	-0.015	1.923	0.385
	317.000	-1.702	-1.703	-0.016	1.924	0.385
	318.000	-1.703	-1.721	-0.033	1.983	0.385
	319.000	-1.703	-1.721	-0.035	1.987	0.385
	320.000	-1.702	-1.722	-0.035	1.991	0.385
	321.000	-1.704	-1.714	-0.026	1.960	0.384
	322.000	-1.701	-1.726	-0.042	2.014	0.385
	323.000	-1.704	-1.723	-0.034	1.991	0.385
	324.000	-1.706	-1.729	-0.039	2.008	0.385
	325.000	-1.710	-1.711	-0.016	1.931	0.383
	326.000	-1.709	-1.708	-0.014	1.924	0.383
	327.000	-1.708	-1.717	-0.025	1.959	0.384
	328.000	-1.709	-1.714	-0.021	1.945	0.383
	329.000	-1.709	-1.711	-0.017	1.931	0.383
	330.000	-1.707	-1.727	-0.036	1.995	0.384
	331.000	-1.707	-1.725	-0.033	1.985	0.384
	332.000	-1.707	-1.730	-0.039	2.005	0.384
	333.000	-1.707	-1.729	-0.038	2.003	0.384
	334.000	-1.711	-1.699	-0.003	1.887	0.382
	335.000	-1.709	-1.696	-0.002	1.881	0.367
	336.000	-1.707	-1.704	-0.011	1.912	0.304
	337.000	-1.707	-1.715	-0.023	1.950	0.305
	338.000	-1.708	-1.711	-0.019	1.935	0.305
	339.000	-1.707	-1.716	-0.025	1.955	0.305
	340.000	-1.707	-1.725	-0.034	1.986	0.306
	341.000	-1.708	-1.728	-0.035	1.992	0.306
	342.000	-1.708	-1.727	-0.035	1.993	0.306
	343.000	-1.708	-1.724	-0.031	1.981	0.305
	344.000	-1.709	-1.721	-0.028	1.969	0.305
	345.000	-1.710	-1.714	-0.020	1.942	0.305
	346.000	-1.705	-1.701	-0.011	1.911	0.305
	347.000	-1.705	-1.704	-0.013	1.918	0.305
	348.000	-1.705	-1.702	-0.011	1.911	0.305
	349.000	-1.709	-1.710	-0.016	1.924	0.305
	350.000	-1.712	-1.709	-0.012	1.912	0.303
	351.000	-1.710	-1.709	-0.013	1.915	0.270
	352.000	-1.711	-1.712	-0.016	1.922	0.229
	353.000	-1.708	-1.703	-0.010	1.902	0.225
	354.000	-1.704	-1.694	-0.005	1.883	0.225
	355.000	-1.704	-1.699	-0.010	1.898	0.225
	356.000	-1.703	-1.722	-0.035	1.983	0.225
	357.000	-1.702	-1.722	-0.036	1.986	0.225
	358.000	-1.705	-1.727	-0.038	1.993	0.225
	359.000	-1.705	-1.716	-0.027	1.959	0.225
	360.000	-1.701	-1.701	-0.015	1.917	0.225
	361.000	-1.701	-1.701	-0.015	1.916	0.225
	362.000	-1.708	-1.716	-0.023	1.945	0.225
	363.000	-1.706	-1.715	-0.024	1.949	0.225
	364.000	-1.705	-1.715	-0.026	1.954	0.225
	365.000	-1.701	-1.704	-0.019	1.930	0.225
	366.000	-1.706	-1.702	-0.010	1.899	0.224
	367.000	-1.704	-1.703	-0.014	1.912	0.206
	368.000	-1.703	-1.707	-0.019	1.928	0.145
	369.000	-1.704	-1.715	-0.026	1.951	0.136
	370.000	-1.704	-1.714	-0.024	1.946	0.137
	371.000	-1.703	-1.711	-0.023	1.943	0.137
	372.000	-1.704	-1.721	-0.033	1.974	0.138
	373.000	-1.704	-1.724	-0.036	1.985	0.138
	374.000	-1.699	-1.710	-0.026	1.952	0.138
	375.000	-1.700	-1.708	-0.023	1.942	0.138
	376.000	-1.703	-1.710	-0.023	1.944	0.137
	377.000	-1.702	-1.712	-0.025	1.949	0.138
	378.000	-1.705	-1.718	-0.029	1.962	0.137
	379.000	-1.706	-1.722	-0.032	1.972	0.138
	380.000	-1.707	-1.720	-0.029	1.964	0.137
	381.000	-1.706	-1.724	-0.034	1.981	0.138
	382.000	-1.702	-1.711	-0.023	1.947	0.137
	383.000	-1.702	-1.707	-0.021	1.937	0.137
	384.000	-1.707	-1.717	-0.025	1.952	0.111
	385.062	-1.701	-1.706	-0.020	1.933	0.075
	386.062	-1.701	-1.703	-0.017	1.923	0.068
	387.062	-1.704	-1.712	-0.024	1.945	0.068
	388.062	-1.705	-1.716	-0.027	1.957	0.068
	389.062	-1.703	-1.713	-0.025	1.950	0.068
	390.062	-1.704	-1.714	-0.025	1.952	0.068
	391.062	-1.704	-1.714	-0.025	1.952	0.068
	392.062	-1.705	-1.720	-0.031	1.971	0.068
	393.062	-1.706	-1.719	-0.029	1.964	0.068
	394.062	-1.706	-1.715	-0.025	1.952	0.068
	395.062	-1.707	-1.715	-0.023	1.946	0.068
	396.062	-1.704	-1.702	-0.013	1.909	0.068
	397.062	-1.706	-1.711	-0.020	1.934	0.068
	398.062	-1.707	-1.718	-0.026	1.952	0.068
	399.062	-1.706	-1.719	-0.029	1.963	0.068
	400.062	-1.704	-1.708	-0.020	1.932	0.068
	401.062	-1.703	-1.711	-0.022	1.940	0.068
	402.062	-1.702	-1.713	-0.027	1.956	0.068
	403.062	-1.700	-1.703	-0.017	1.924	0.068
	404.062	-1.701	-1.706	-0.021	1.935	0.042
	405.062	-1.699	-1.704	-0.020	1.932	0.027
	406.062	-1.702	-1.716	-0.029	1.961	0.027
	407.062	-1.700	-1.707	-0.022	1.940	0.027
	408.062	-1.703	-1.716	-0.029	1.960	0.027
	409.062	-1.702	-1.716	-0.029	1.962	0.027
	410.062	-1.704	-1.721	-0.032	1.974	0.027
	411.062	-1.706	-1.720	-0.029	1.965	0.027
	412.062	-1.703	-1.705	-0.017	1.924	0.027
	413.062	-1.706	-1.721	-0.031	1.970	0.027
	414.062	-1.706	-1.721	-0.030	1.969	0.027
	415.062	-1.704	-1.714	-0.025	1.950	0.027
	416.062	-1.703	-1.718	-0.031	1.969	0.027
	417.062	-1.702	-1.712	-0.025	1.951	0.013
	418.062	-1.703	-1.714	-0.026	1.954	0.010
	419.062	-1.703	-1.713	-0.025	1.951	0.010
	420.062	-1.704	-1.713	-0.025	1.952	0.010
	421.062	-1.704	-1.717	-0.028	1.961	0.010
	422.062	-1.701	-1.703	-0.017	1.924	0.010
	423.062	-1.702	-1.709	-0.022	1.941	0.010
	424.062	-1.707	-1.720	-0.029	1.965	0.010
	425.062	-1.707	-1.719	-0.028	1.962	0.010
	426.062	-1.707	-1.720	-0.027	1.959	0.010
	427.062	-1.708	-1.719	-0.027	1.958	0.010
	428.062	-1.705	-1.714	-0.023	1.948	0.010
	429.062	-1.708	-1.719	-0.026	1.957	0.010
	430.062	-1.703	-1.702	-0.014	1.915	0.010
	431.062	-1.705	-1.711	-0.021	1.939	0.003
	432.062	-1.702	-1.701	-0.014	1.913	0.007
	433.062	-1.701	-1.698	-0.012	1.905	0.010
	434.062	-1.701	-1.702	-0.016	1.918	0.001
	435.062	-1.706	-1.720	-0.029	1.961	0.010
	436.062	-1.707	-1.717	-0.026	1.951	0.010
	437.062	-1.703	-1.710	-0.023	1.940	0.010
	438.062	-1.699	-1.694	-0.010	1.896	0.010
	439.062	-1.698	-1.690	-0.007	1.884	0.010
	440.062	-1.699	-1.702	-0.018	1.920	0.010
	441.062	-1.698	-1.700	-0.016	1.914	0.010
	442.062	-1.698	-1.700	-0.017	1.917	0.010
	443.062	-1.697	-1.700	-0.017	1.917	0.010
	444.062	-1.698	-1.706	-0.023	1.937	0.010
	445.062	-1.699	-1.711	-0.028	1.952	0.010
	446.062	-1.700	-1.718	-0.034	1.972	0.010
	447.062	-1.702	-1.724	-0.037	1.984	0.010
	448.062	-1.700	-1.716	-0.031	1.967	0.010
	449.062	-1.696	-1.698	-0.017	1.917	0.010
	450.062	-1.699	-1.711	-0.028	1.954	0.010
	451.062	-1.698	-1.709	-0.026	1.947	0.010
	452.062	-1.699	-1.710	-0.027	1.951	0.010
	453.062	-1.703	-1.724	-0.037	1.984	0.010
	454.062	-1.703	-1.723	-0.036	1.983	0.010
	455.062	-1.704	-1.721	-0.033	1.973	0.010
	456.062	-1.704	-1.722	-0.033	1.975	0.010
	457.062	-1.705	-1.724	-0.035	1.980	0.023
	458.062	-1.704	-1.716	-0.026	1.955	0.023
	459.062	-1.705	-1.723	-0.033	1.977	0.023
	460.062	-1.703	-1.718	-0.030	1.966	0.023
	461.062	-1.705	-1.714	-0.024	1.947	0.023
	462.062	-1.707	-1.719	-0.028	1.961	0.023
	463.062	-1.705	-1.716	-0.026	1.955	0.023
	464.062	-1.705	-1.715	-0.025	1.952	0.023
	465.062	-1.705	-1.714	-0.024	1.949	0.023
	466.062	-1.705	-1.714	-0.024	1.947	0.023
	467.062	-1.705	-1.714	-0.024	1.948	0.023
	468.062	-1.702	-1.704	-0.016	1.921	0.023
	469.062	-1.703	-1.704	-0.017	1.922	0.023
	470.062	-1.699	-1.693	-0.008	1.891	0.023
	471.062	-1.702	-1.706	-0.019	1.928	0.022
	472.062	-1.699	-1.692	-0.007	1.888	0.052
	473.062	-1.698	-1.697	-0.013	1.907	0.068
	474.062	-1.699	-1.696	-0.012	1.901	0.061
	475.062	-1.697	-1.696	-0.013	1.904	0.064
	476.062	-1.697	-1.701	-0.019	1.921	0.065
	477.062	-1.697	-1.708	-0.026	1.945	0.065
	478.062	-1.696	-1.707	-0.026	1.945	0.065
	479.062	-1.697	-1.711	-0.029	1.956	0.065
	480.062	-1.701	-1.723	-0.038	1.988	0.065
	481.062	-1.702	-1.722	-0.037	1.984	0.065
	482.062	-1.702	-1.723	-0.036	1.983	0.065
	483.062	-1.703	-1.722	-0.035	1.979	0.065
	484.062	-1.699	-1.709	-0.025	1.946	0.065
	485.062	-1.700	-1.712	-0.027	1.955	0.065
	486.062	-1.702	-1.720	-0.033	1.976	0.065
	487.062	-1.704	-1.723	-0.035	1.981	0.065
	488.062	-1.704	-1.721	-0.033	1.975	0.065
	489.062	-1.707	-1.720	-0.030	1.965	0.065
	490.062	-1.703	-1.716	-0.029	1.964	0.065
	491.062	-1.699	-1.701	-0.016	1.921	0.065
	492.062	-1.699	-1.699	-0.015	1.915	0.104
	493.062	-1.699	-1.694	-0.010	1.898	0.135
	494.062	-1.698	-1.699	-0.015	1.915	0.134
	495.062	-1.697	-1.697	-0.015	1.913	0.134
	496.062	-1.697	-1.697	-0.014	1.909	0.134
	497.062	-1.697	-1.698	-0.016	1.915	0.134
	498.062	-1.697	-1.701	-0.020	1.926	0.135
	499.062	-1.696	-1.699	-0.018	1.920	0.135
	500.062	-1.695	-1.700	-0.019	1.925	0.135
	501.062	-1.695	-1.709	-0.029	1.957	0.135
	502.062	-1.699	-1.716	-0.033	1.971	0.133
	503.062	-1.698	-1.712	-0.028	1.956	0.205
	504.062	-1.701	-1.720	-0.034	1.974	0.208
	505.062	-1.701	-1.714	-0.029	1.959	0.208
	506.062	-1.702	-1.715	-0.029	1.959	0.208
	507.062	-1.703	-1.718	-0.031	1.964	0.208
	508.062	-1.697	-1.704	-0.023	1.939	0.208
	509.062	-1.700	-1.711	-0.027	1.952	0.208
	510.062	-1.695	-1.688	-0.007	1.886	0.208
	511.062	-1.694	-1.686	-0.007	1.882	0.208
	512.062	-1.693	-1.686	-0.007	1.882	0.208
	513.062	-1.692	-1.687	-0.008	1.886	0.208
	514.062	-1.691	-1.696	-0.020	1.922	0.209
	515.062	-1.690	-1.697	-0.022	1.928	0.209
	516.062	-1.690	-1.697	-0.021	1.926	0.209
	517.062	-1.691	-1.687	-0.010	1.888	0.237
	518.062	-1.694	-1.704	-0.025	1.938	0.291
	519.062	-1.699	-1.722	-0.039	1.985	0.294
	520.062	-1.696	-1.728	-0.048	2.017	0.294
	521.062	-1.696	-1.722	-0.042	1.998	0.294
	522.062	-1.698	-1.724	-0.042	2.000	0.294
	523.062	-1.700	-1.729	-0.045	2.010	0.294
	524.062	-1.703	-1.719	-0.032	1.971	0.293
	525.062	-1.703	-1.725	-0.037	1.988	0.293
	526.062	-1.703	-1.725	-0.039	1.994	0.293
	527.062	-1.698	-1.704	-0.021	1.934	0.293
	528.062	-1.696	-1.689	-0.006	1.886	0.293
	529.062	-1.702	-1.704	-0.017	1.919	0.293
	530.062	-1.704	-1.712	-0.024	1.942	0.356
	531.062	-1.699	-1.703	-0.019	1.924	0.371
	532.062	-1.704	-1.706	-0.016	1.916	0.370
	533.062	-1.697	-1.674	0.010	1.827	0.371
	534.062	-1.696	-1.673	0.010	1.822	0.371
	535.062	-1.694	-1.681	-0.001	1.857	0.372
	536.062	-1.694	-1.676	0.004	1.837	0.372
	537.062	-1.693	-1.680	-0.002	1.854	0.372
	538.062	-1.691	-1.685	-0.008	1.875	0.372
	539.062	-1.690	-1.691	-0.015	1.898	0.373
	540.062	-1.689	-1.701	-0.027	1.934	0.373
	541.062	-1.689	-1.700	-0.026	1.934	0.375
	542.062	-1.694	-1.713	-0.035	1.963	0.439
	543.062	-1.695	-1.724	-0.045	1.999	0.445
	544.062	-1.693	-1.708	-0.030	1.950	0.445
	545.062	-1.696	-1.731	-0.051	2.023	0.445
	546.062	-1.693	-1.733	-0.056	2.041	0.446
	547.062	-1.697	-1.726	-0.045	2.007	0.445
	548.062	-1.700	-1.731	-0.046	2.013	0.444
	549.062	-1.700	-1.708	-0.023	1.937	0.443
	550.062	-1.695	-1.690	-0.010	1.892	0.454
	551.062	-1.697	-1.711	-0.029	1.954	0.487
	552.062	-1.699	-1.691	-0.006	1.877	0.487
	553.062	-1.703	-1.714	-0.027	1.946	0.487
	554.062	-1.705	-1.707	-0.016	1.910	0.486
	555.062	-1.704	-1.705	-0.016	1.908	0.486
	556.062	-1.703	-1.714	-0.027	1.946	0.487
	557.062	-1.698	-1.699	-0.015	1.909	0.487
	558.062	-1.704	-1.715	-0.027	1.947	0.487
	559.062	-1.704	-1.720	-0.032	1.961	0.488
	560.062	-1.699	-1.695	-0.010	1.889	0.487
	561.062	-1.694	-1.693	-0.014	1.901	0.488
	562.062	-1.693	-1.690	-0.011	1.891	0.489
	563.062	-1.695	-1.678	0.003	1.841	0.487
	564.062	-1.693	-1.691	-0.013	1.894	0.491
	565.062	-1.690	-1.695	-0.019	1.913	0.503
	566.062	-1.692	-1.697	-0.020	1.915	0.502
	567.062	-1.693	-1.685	-0.006	1.867	0.501
	568.062	-1.698	-1.710	-0.027	1.938	0.501
	569.062	-1.694	-1.699	-0.019	1.912	0.501
	570.062	-1.697	-1.708	-0.026	1.932	0.501
	571.062	-1.697	-1.707	-0.024	1.929	0.501
	572.062	-1.696	-1.707	-0.026	1.935	0.501
	573.062	-1.692	-1.713	-0.037	1.971	0.503
	574.062	-1.690	-1.698	-0.023	1.924	0.502
	575.062	-1.688	-1.703	-0.030	1.949	0.503
	576.062	-1.689	-1.703	-0.030	1.947	0.503
	577.062	-1.689	-1.701	-0.028	1.940	0.503
	578.062	-1.689	-1.695	-0.021	1.919	0.502
	579.062	-1.688	-1.699	-0.026	1.937	0.503
	580.062	-1.689	-1.698	-0.025	1.931	0.502
	581.062	-1.691	-1.712	-0.036	1.968	0.502
	582.062	-1.696	-1.726	-0.047	2.004	0.502
	583.062	-1.690	-1.703	-0.029	1.946	0.502
	584.062	-1.689	-1.699	-0.025	1.935	0.503
	585.062	-1.689	-1.698	-0.023	1.929	0.502
	586.062	-1.689	-1.692	-0.017	1.908	0.502
	587.062	-1.690	-1.693	-0.019	1.911	0.502
	588.062	-1.692	-1.681	-0.003	1.859	0.501
	589.062	-1.689	-1.698	-0.024	1.929	0.503
	590.062	-1.690	-1.691	-0.016	1.899	0.502
	591.062	-1.690	-1.692	-0.017	1.904	0.502
	592.062	-1.690	-1.688	-0.013	1.888	0.502
	593.062	-1.689	-1.689	-0.015	1.896	0.503
	594.062	-1.688	-1.691	-0.018	1.903	0.503
	595.062	-1.688	-1.691	-0.018	1.903	0.503
	596.062	-1.686	-1.698	-0.027	1.933	0.504
	597.062	-1.685	-1.701	-0.031	1.946	0.504
	598.062	-1.685	-1.701	-0.031	1.947	0.504
	599.062	-1.686	-1.696	-0.025	1.928	0.504
	600.062	-1.689	-1.685	-0.010	1.878	0.502
	601.062	-1.689	-1.686	-0.011	1.881	0.502
	602.062	-1.688	-1.681	-0.006	1.863	0.502
	603.062	-1.688	-1.680	-0.006	1.860	0.502
	604.062	-1.687	-1.682	-0.009	1.868	0.503
	605.062	-1.684	-1.696	-0.027	1.927	0.504
	606.062	-1.682	-1.705	-0.038	1.966	0.505
	607.062	-1.682	-1.707	-0.041	1.977	0.506
	608.062	-1.681	-1.706	-0.040	1.976	0.506
	609.062	-1.685	-1.728	-0.060	2.042	0.505
	610.062	-1.686	-1.708	-0.037	1.970	0.504
	611.062	-1.686	-1.690	-0.018	1.907	0.503
	612.062	-1.687	-1.687	-0.015	1.896	0.503
	613.062	-1.685	-1.696	-0.027	1.935	0.504
	614.062	-1.685	-1.694	-0.025	1.929	0.504
	615.062	-1.684	-1.696	-0.027	1.937	0.504
	616.062	-1.685	-1.693	-0.022	1.921	0.504
	617.062	-1.684	-1.702	-0.034	1.961	0.505
	618.062	-1.687	-1.714	-0.043	1.989	0.504
	619.062	-1.689	-1.701	-0.026	1.936	0.503
	620.062	-1.688	-1.686	-0.012	1.886	0.503
	621.062	-1.685	-1.701	-0.031	1.950	0.504
	622.062	-1.686	-1.695	-0.024	1.926	0.504
	623.062	-1.686	-1.698	-0.028	1.942	0.504
	624.062	-1.688	-1.688	-0.015	1.898	0.503
	625.062	-1.688	-1.694	-0.021	1.916	0.503
	626.062	-1.686	-1.696	-0.025	1.931	0.504
	627.062	-1.685	-1.704	-0.035	1.963	0.505
	628.062	-1.685	-1.698	-0.028	1.942	0.504
	629.062	-1.686	-1.692	-0.021	1.916	0.504
	630.062	-1.690	-1.706	-0.033	1.956	0.503
	631.062	-1.689	-1.710	-0.037	1.969	0.505
	632.062	-1.685	-1.688	-0.018	1.906	0.504
	633.062	-1.689	-1.702	-0.028	1.941	0.504
	634.062	-1.685	-1.693	-0.024	1.927	0.505
	635.062	-1.681	-1.703	-0.038	1.974	0.507
	636.062	-1.675	-1.732	-0.074	2.098	0.509
	637.062	-1.681	-1.732	-0.068	2.082	0.507
	638.062	-1.677	-1.699	-0.038	1.984	0.506
	639.062	-1.681	-1.731	-0.067	2.083	0.506
	640.062	-1.692	-1.733	-0.057	2.054	0.503
	641.062	-1.690	-1.728	-0.054	2.047	0.504
	642.062	-1.694	-1.731	-0.054	2.049	0.503
	643.062	-1.699	-1.724	-0.041	2.008	0.501
	644.062	-1.700	-1.733	-0.049	2.037	0.502
	645.062	-1.702	-1.733	-0.048	2.033	0.501
	646.062	-1.700	-1.722	-0.039	2.004	0.501
	647.062	-1.696	-1.701	-0.020	1.943	0.500
	648.062	-1.696	-1.691	-0.010	1.906	0.500
	649.062	-1.696	-1.684	-0.002	1.880	0.500
	650.062	-1.691	-1.688	-0.011	1.908	0.501
	651.094	-1.688	-1.702	-0.029	1.969	0.499
	652.094	-1.685	-1.689	-0.019	1.936	0.500
	653.094	-1.685	-1.681	-0.010	1.904	0.499
	654.094	-1.687	-1.666	0.008	1.841	0.498
	655.094	-1.687	-1.674	0.000	1.866	0.008
	656.094	-1.686	-1.694	-0.023	1.943	0.348
	657.094	-1.685	-1.695	-0.025	1.947	0.521
	658.094	-1.685	-1.681	-0.011	1.901	0.559
	659.094	-1.689	-1.713	-0.039	1.994	0.560
	660.094	-1.684	-1.684	-0.015	1.912	0.562
	661.094	-1.690	-1.713	-0.039	1.994	0.563
	662.094	-1.687	-1.695	-0.023	1.941	0.561
	663.094	-1.689	-1.678	-0.004	1.876	0.563
	664.094	-1.687	-1.701	-0.030	1.960	0.561
	665.094	-1.688	-1.700	-0.027	1.952	0.559
	666.094	-1.686	-1.684	-0.013	1.905	0.003
	667.094	-1.687	-1.688	-0.016	1.915	0.003
	668.094	-1.694	-1.722	-0.044	2.009	0.004
	669.094	-1.689	-1.698	-0.025	1.947	0.002
	670.094	-1.691	-1.698	-0.023	1.940	0.494
	671.094	-1.694	-1.717	-0.039	1.994	0.494
	672.094	-1.697	-1.723	-0.042	2.006	0.501
	673.094	-1.690	-1.695	-0.020	1.933	0.500
	674.094	-1.688	-1.692	-0.019	1.929	0.499
	675.094	-1.694	-1.696	-0.017	1.923	0.498
	676.094	-1.692	-1.709	-0.033	1.973	0.500
	677.094	-1.689	-1.687	-0.012	1.906	0.499
	678.094	-1.690	-1.694	-0.020	1.931	0.499
	679.094	-1.689	-1.695	-0.021	1.933	0.501
	680.094	-1.690	-1.668	0.008	1.835	0.492
	681.094	-1.689	-1.666	0.010	1.828	0.493
	682.094	-1.685	-1.687	-0.018	1.917	0.458
	683.094	-1.689	-1.668	0.008	1.831	0.359
	684.094	-1.687	-1.685	-0.013	1.896	0.248
	685.094	-1.687	-1.685	-0.013	1.895	0.149
	686.094	-1.687	-1.685	-0.013	1.893	0.050
	687.094	-1.685	-1.683	-0.013	1.892	0.038
	688.094	-1.687	-1.692	-0.021	1.920	0.022
	689.094	-1.685	-1.690	-0.020	1.916	0.013
	690.094	-1.686	-1.695	-0.024	1.931	0.008
	691.094	-1.685	-1.691	-0.022	1.921	0.006
	692.094	-1.685	-1.691	-0.021	1.919	0.005
	693.094	-1.684	-1.689	-0.020	1.914	0.004
	694.094	-1.684	-1.688	-0.018	1.908	0.005
	695.094	-1.683	-1.684	-0.015	1.899	0.004
	696.094	-1.683	-1.684	-0.016	1.900	0.009
	697.094	-1.683	-1.686	-0.017	1.904	0.009
	698.094	-1.686	-1.693	-0.023	1.922	0.009
	699.094	-1.679	-1.681	-0.017	1.901	0.009
	700.094	-1.676	-1.686	-0.026	1.931	0.009
	701.094	-1.679	-1.682	-0.018	1.905	0.009
	702.094	-1.680	-1.693	-0.029	1.941	0.009
	703.094	-1.680	-1.685	-0.020	1.910	0.009
	704.094	-1.681	-1.704	-0.038	1.973	0.009
	705.094	-1.679	-1.685	-0.020	1.913	0.008
	706.094	-1.681	-1.683	-0.017	1.901	0.009
	707.094	-1.683	-1.699	-0.032	1.953	0.009
	708.094	-1.680	-1.685	-0.020	1.911	0.009
	709.094	-1.683	-1.686	-0.018	1.903	0.009
	710.094	-1.682	-1.683	-0.015	1.895	0.009
	711.094	-1.681	-1.684	-0.017	1.900	0.009
	712.094	-1.681	-1.682	-0.016	1.895	0.009
	713.094	-1.682	-1.686	-0.018	1.903	0.009
	714.094	-1.680	-1.683	-0.018	1.901	0.009
	715.094	-1.680	-1.683	-0.017	1.899	0.009
	716.094	-1.680	-1.698	-0.033	1.952	0.009
	717.094	-1.680	-1.705	-0.041	1.978	0.009
	718.094	-1.677	-1.698	-0.036	1.964	0.009
	719.125	-1.678	-1.693	-0.031	1.945	0.009
	720.125	-1.686	-1.720	-0.050	2.010	0.008
	721.125	-1.680	-1.684	-0.019	1.909	0.008
	722.125	-1.688	-1.709	-0.037	1.967	0.010
	723.125	-1.681	-1.681	-0.014	1.892	0.010
	724.125	-1.681	-1.680	-0.014	1.890	0.011
	725.125	-1.684	-1.682	-0.013	1.887	0.011
	726.125	-1.685	-1.684	-0.014	1.887	0.011
	727.125	-1.687	-1.693	-0.021	1.913	0.011
	728.125	-1.682	-1.682	-0.015	1.890	0.011
	729.125	-1.685	-1.688	-0.018	1.901	0.010
	730.125	-1.681	-1.683	-0.015	1.890	0.009
	731.125	-1.683	-1.682	-0.014	1.885	0.110
	732.125	-1.685	-1.689	-0.018	1.897	0.254
	733.125	-1.686	-1.700	-0.029	1.933	0.259
	734.125	-1.681	-1.679	-0.012	1.879	0.244
	735.125	-1.680	-1.683	-0.017	1.893	0.257
	736.125	-1.680	-1.678	-0.013	1.877	0.259
	737.125	-1.680	-1.688	-0.023	1.912	0.261
	738.125	-1.679	-1.681	-0.016	1.890	0.260
	739.125	-1.684	-1.694	-0.024	1.915	0.260
	740.125	-1.682	-1.686	-0.018	1.893	0.260
	741.125	-1.680	-1.685	-0.018	1.895	0.260
	742.125	-1.679	-1.688	-0.023	1.911	0.260
	743.125	-1.680	-1.685	-0.020	1.900	0.260
	744.125	-1.686	-1.705	-0.035	1.947	0.260
	745.125	-1.685	-1.701	-0.031	1.936	0.260
	746.125	-1.681	-1.686	-0.019	1.899	0.260
	747.125	-1.682	-1.686	-0.019	1.894	0.260
	748.125	-1.679	-1.687	-0.023	1.908	0.261
	749.125	-1.683	-1.697	-0.029	1.931	0.261
	750.125	-1.687	-1.724	-0.052	2.007	0.261
	751.125	-1.686	-1.700	-0.029	1.932	0.261
	752.125	-1.687	-1.707	-0.035	1.952	0.261
	753.125	-1.689	-1.711	-0.038	1.962	0.261
	754.125	-1.684	-1.697	-0.027	1.928	0.261
	755.125	-1.684	-1.696	-0.026	1.923	0.261
	756.125	-1.682	-1.682	-0.013	1.883	0.261
	757.125	-1.687	-1.704	-0.032	1.944	0.260
	758.125	-1.690	-1.709	-0.035	1.949	0.254
	759.125	-1.691	-1.704	-0.029	1.930	0.257
	760.125	-1.691	-1.703	-0.028	1.926	0.256
	761.125	-1.694	-1.721	-0.044	1.979	0.255
	762.125	-1.693	-1.701	-0.024	1.914	0.254
	763.125	-1.696	-1.716	-0.036	1.955	0.256
	764.125	-1.697	-1.717	-0.038	1.960	0.254
	765.125	-1.697	-1.712	-0.032	1.942	0.255
	766.125	-1.697	-1.714	-0.034	1.950	0.253
	767.125	-1.697	-1.705	-0.025	1.919	0.251
	768.125	-1.699	-1.708	-0.026	1.921	0.254
	769.125	-1.695	-1.682	-0.002	1.842	0.257
	770.125	-1.695	-1.683	-0.003	1.844	0.257
	771.125	-1.692	-1.673	0.004	1.818	0.257
	772.125	-1.690	-1.674	0.001	1.825	0.258
	773.125	-1.696	-1.690	-0.009	1.858	0.255
	774.125	-1.689	-1.677	-0.004	1.839	0.256
	775.125	-1.690	-1.683	-0.007	1.848	0.256
	776.125	-1.689	-1.683	-0.009	1.851	0.256
	777.125	-1.688	-1.684	-0.011	1.857	0.256
	778.125	-1.692	-1.701	-0.025	1.903	0.257
	779.125	-1.695	-1.720	-0.042	1.963	0.257
	780.125	-1.693	-1.711	-0.034	1.934	0.256
	781.125	-1.686	-1.684	-0.014	1.868	0.257
	782.125	-1.688	-1.684	-0.011	1.857	0.256
	783.125	-1.685	-1.685	-0.015	1.869	0.257
	784.125	-1.694	-1.724	-0.048	1.979	0.257
	785.125	-1.691	-1.724	-0.050	1.987	0.257
	786.125	-1.691	-1.709	-0.034	1.936	0.254
	787.125	-1.683	-1.696	-0.029	1.922	0.256
	788.125	-1.686	-1.692	-0.022	1.896	0.271
	789.125	-1.691	-1.709	-0.034	1.937	0.270
	790.125	-1.693	-1.716	-0.040	1.957	0.261
	791.125	-1.694	-1.717	-0.039	1.957	0.250
	792.125	-1.695	-1.717	-0.039	1.957	0.231
	793.125	-1.697	-1.722	-0.043	1.972	0.228
	794.125	-1.698	-1.722	-0.041	1.965	0.233
	795.125	-1.692	-1.698	-0.022	1.906	0.249
	796.125	-1.689	-1.692	-0.019	1.894	0.258
	797.125	-1.687	-1.716	-0.046	1.985	0.271
	798.125	-1.691	-1.706	-0.031	1.934	0.263
	799.125	-1.692	-1.697	-0.021	1.903	0.253
	800.125	-1.697	-1.708	-0.027	1.922	0.234
	801.125	-1.697	-1.717	-0.036	1.955	0.237
	802.125	-1.696	-1.693	-0.013	1.878	0.237
	803.125	-1.694	-1.684	-0.005	1.848	0.237
	804.125	-1.698	-1.698	-0.015	1.881	0.236
	805.125	-1.701	-1.709	-0.024	1.911	0.236
	806.125	-1.700	-1.704	-0.020	1.898	0.236
	807.125	-1.700	-1.696	-0.011	1.867	0.236
	808.125	-1.702	-1.707	-0.021	1.898	0.236
	809.125	-1.701	-1.707	-0.021	1.899	0.236
	810.125	-1.701	-1.711	-0.025	1.913	0.236
	811.125	-1.700	-1.718	-0.034	1.943	0.237
	812.125	-1.700	-1.710	-0.025	1.914	0.237
	813.125	-1.701	-1.705	-0.019	1.892	0.236
	814.125	-1.699	-1.699	-0.016	1.881	0.237
	815.125	-1.694	-1.706	-0.027	1.919	0.237
	816.125	-1.691	-1.677	-0.001	1.831	0.237
	817.125	-1.691	-1.667	0.010	1.790	0.236
	818.125	-1.695	-1.703	-0.025	1.904	0.237
	819.125	-1.696	-1.702	-0.021	1.892	0.237
	820.125	-1.696	-1.702	-0.021	1.893	0.237
	821.125	-1.698	-1.705	-0.023	1.898	0.237
	822.125	-1.696	-1.696	-0.016	1.874	0.237
	823.125	-1.698	-1.700	-0.017	1.877	0.237
	824.125	-1.690	-1.670	0.006	1.799	0.237
	825.125	-1.693	-1.690	-0.012	1.857	0.237
	826.125	-1.695	-1.705	-0.025	1.900	0.237
	827.125	-1.692	-1.706	-0.029	1.914	0.237
	828.125	-1.690	-1.680	-0.005	1.830	0.237
	829.125	-1.692	-1.707	-0.031	1.918	0.237
	830.125	-1.697	-1.710	-0.029	1.911	0.237
	831.125	-1.699	-1.713	-0.029	1.913	0.237
	832.125	-1.698	-1.713	-0.031	1.918	0.238
	833.125	-1.701	-1.711	-0.027	1.905	0.237
	834.125	-1.698	-1.695	-0.011	1.856	0.237
	835.125	-1.703	-1.710	-0.023	1.892	0.237
	836.125	-1.703	-1.714	-0.027	1.906	0.237
	837.125	-1.702	-1.712	-0.026	1.902	0.237
	838.125	-1.700	-1.706	-0.022	1.888	0.237
	839.125	-1.700	-1.709	-0.024	1.896	0.237
	840.125	-1.700	-1.712	-0.027	1.904	0.237
	841.125	-1.700	-1.719	-0.036	1.936	0.238
	842.125	-1.699	-1.722	-0.040	1.949	0.238
	843.125	-1.701	-1.719	-0.035	1.936	0.238
	844.125	-1.701	-1.719	-0.033	1.930	0.237
	845.125	-1.701	-1.723	-0.038	1.948	0.238
	846.125	-1.704	-1.723	-0.035	1.939	0.237
	847.125	-1.705	-1.718	-0.029	1.920	0.237
	848.125	-1.707	-1.716	-0.025	1.904	0.237
	849.125	-1.707	-1.711	-0.020	1.890	0.237
	850.125	-1.707	-1.723	-0.033	1.931	0.237
	851.125	-1.704	-1.702	-0.013	1.865	0.237
