#Data file for PHSX444 Python Exercise	
#File by Jennifer Fowler
#Date	2011/08/15
6.13
6.75
6.79
7.03
6.27
5.85
6.84
6.23
7.50
4.78
6.41
4.61
6.12
5.58
6.30
6.78
8.69
6.52
7.32
5.57
8.51
6.63
4.95
6.27
7.64
6.99
6.69
7.23
5.18
6.28
7.60
7.88
5.61
7.64
7.57
5.54
7.68
5.82
6.73
5.97
6.25
6.22
6.58
6.04
5.74
4.74
6.41
6.43
8.56
6.45
7.32
6.43
7.13
6.92
7.71
5.63
7.49
8.85
6.11
5.58
5.15
5.40
7.13
6.46
6.65
5.73
6.57
9.04
4.91
6.10
7.77
6.99
5.87
7.36
6.93
6.14
7.23
7.41
5.24
8.18
6.91
6.79
6.53
7.10
5.77
6.06
5.25
5.80
5.78
5.48
7.69
6.42
6.04
5.62
7.49
5.69
6.66
7.21
6.77
7.16
7.34
7.09
8.23
6.65
6.80
6.60
6.09
5.06
5.84
6.67
8.31
8.07
7.59
7.03
6.05
6.82
6.70
8.07
6.76
7.62
5.59
7.67
6.40
8.28
7.84
6.99
8.79
7.68
5.92
7.76
5.87
6.21
8.01
6.79
5.90
7.33
6.94
5.70
8.08
6.07
6.90
5.29
6.22
7.80
6.70
5.26
5.99
7.27
5.09
6.28
7.54
7.34
5.95
7.21
7.51
5.23
6.01
7.02
7.66
7.95
6.56
7.61
5.51
4.90
6.82
6.03
7.36
5.48
7.84
7.61
6.20
7.15
5.33
7.62
6.55
5.07
6.46
7.10
3.78
6.77
7.01
6.49
6.45
6.39
7.47
6.05
7.30
6.35
6.74
6.04
6.40
4.86
6.40
5.57
5.51
5.55
6.43
4.76
5.69
7.25
6.65
7.15
8.22
7.00
7.76
5.16
7.25
6.85
8.15
8.51
6.53
9.08
6.61
6.03
4.33
7.22
6.43
7.67
6.95
7.45
4.58
6.72
5.48
6.71
6.48
5.58
5.59
6.10
7.72
6.92
7.71
7.07
6.68
6.59
6.75
5.71
6.60
8.33
5.38
8.12
6.47
6.27
6.73
6.66
6.15
6.88
6.81
7.46
8.30
6.37
6.82
7.67
6.43
6.22
6.66
6.42
5.26
5.77
5.05
8.64
9.61
5.07
7.14
7.76
6.78
5.92
6.05
5.18
7.71
6.27
5.45
5.51
5.11
7.54
6.85
6.15
8.61
7.15
7.19
5.73
7.24
4.83
5.89
5.54
6.38
6.50
8.98
6.25
6.82
5.65
8.43
7.11
6.84
4.60
8.97
5.82
6.68
6.10
5.91
5.43
6.67
8.18
6.04
4.78
6.67
6.82
5.78
5.95
5.37
6.43
4.26
5.35
4.38
7.72
7.01
4.62
5.19
5.83
5.68
7.42
7.32
6.60
7.91
6.88
8.24
9.14
6.70
6.38
7.05
7.36
6.11
5.36
7.29
6.76
8.01
7.41
6.37
8.83
8.00
7.03
6.58
7.70
5.87
8.06
6.80
6.69
8.07
6.35
7.41
6.50
6.89
7.55
4.66
9.31
7.52
6.74
6.32
6.76
5.25
5.75
5.29
6.91
5.96
6.77
6.21
6.60
6.63
6.63
4.95
8.03
5.26
6.60
6.58
6.04
7.22
6.02
6.97
5.80
4.72
6.53
6.62
7.85
5.08
6.72
8.09
5.29
6.77
7.95
6.84
7.90
6.53
7.05
6.80
8.18
7.65
6.72
6.50
6.38
5.88
6.62
8.38
6.11
8.42
6.52
6.29
5.70
6.09
9.49
7.37
6.66
6.56
6.35
6.75
6.30
6.50
7.48
6.82
5.47
6.69
7.44
6.78
5.65
5.99
6.22
6.88
7.36
7.36
6.81
5.82
7.66
7.70
7.38
8.95
6.53
7.59
5.75
8.18
6.40
6.09
6.58
7.21
6.69
6.88
7.51
6.47
7.25
6.81
6.25
5.30
6.71
6.22
6.30
6.26
7.57
6.46
6.09
6.64
6.25
7.30
7.62
7.76
6.80
8.12
5.87
8.76
5.27
5.85
7.51
5.69
4.90
5.41
8.61
6.90
8.06
6.44
5.57
6.44
7.32
6.57
7.09
7.27
7.13
6.68
7.28
8.29
9.84
4.23
6.04
6.93
8.62
6.06
7.54
5.52
8.06
4.63
6.30
4.92
5.82
6.61
6.78
2.41
2.24
2.43
1.74
3.23
2.64
0.31
2.00
3.94
1.07
2.78
1.23
3.15
2.37
1.09
0.82
3.02
1.92
3.55
4.14
2.82
1.19
2.56
0.00
0.34
3.45
1.80
2.85
4.59
1.93
1.49
2.58
3.48
3.20
1.74
1.75
3.42
2.05
3.44
1.95
1.82
2.27
2.78
1.98
3.27
0.60
3.63
3.58
4.71
2.20
2.22
1.17
3.80
2.72
0.48
2.62
0.94
3.76
0.73
2.58
2.70
2.77
2.25
1.99
2.66
3.48
2.03
1.56
2.08
3.15
3.90
2.06
2.69
2.25
4.49
3.60
3.66
4.10
4.02
2.41
1.40
4.06
1.76
2.21
3.12
3.97
1.55
2.83
2.60
1.97
1.28
3.88
0.62
1.06
1.75
0.69
1.76
1.86
2.08
4.19
1.30
1.78
1.77
2.77
1.78
3.06
1.97
2.25
3.95
1.50
2.82
3.47
0.24
2.46
3.48
1.97
2.17
2.05
3.02
0.52
2.97
3.15
1.45
2.33
2.46
2.01
2.77
2.00
2.28
4.60
1.03
2.14
0.62
2.68
3.78
1.77
2.11
0.73
2.23
2.74
2.66
2.26
1.70
1.84
3.89
1.71
2.50
2.73
3.67
1.81
2.97
1.97
1.22
3.65
2.00
1.49
0.88
4.85
1.86
2.32
3.49
1.36
2.08
3.52
2.25
3.97
0.84
0.95
1.41
2.51
3.27
3.95
1.72
2.12
2.85
3.42
1.02
1.73
1.76
1.41
1.62
2.61
1.98
3.99
1.96
3.03
3.75
3.58
1.14
1.99
1.76
3.48
3.22
1.12
2.78
2.48
1.65
1.43
2.66
2.09
1.36
3.73
1.15
3.09
4.09
1.29
4.01
0.44
2.33
3.24
0.56
3.12
1.95
0.56
1.52
2.21
0.93
3.46
2.42
3.28
3.84
1.79
1.56
2.47
4.21
1.35
2.39
2.91
1.81
1.49
2.68
1.11
1.61
0.04
1.06
1.08
4.03
2.51
2.10
1.84
4.48
1.28
3.09
5.82
2.29
2.76
1.98
1.91
2.19
2.88
1.64
1.95
2.75
2.54
2.28
4.93
2.42
0.67
2.38
1.53
2.04
2.10
2.07
3.46
3.98
2.59
1.53
1.11
2.04
2.62
2.40
4.30
0.93
2.01
2.17
4.22
2.90
3.17
3.48
3.54
1.55
3.33
2.79
0.44
1.06
2.95
1.96
1.68
3.00
3.22
1.27
3.21
2.52
2.71
3.14
4.16
2.16
4.24
2.75
2.64
2.55
2.43
2.82
1.66
1.76
3.15
2.78
2.94
1.59
1.52
2.30
1.72
2.44
3.59
3.19
2.74
2.62
2.73
1.78
2.61
2.35
0.68
1.24
2.04
3.50
2.18
3.46
2.53
3.97
3.89
2.04
2.90
3.76
3.49
1.70
1.51
0.85
3.87
0.33
1.59
3.50
0.49
2.08
2.37
2.07
1.88
4.08
1.37
0.96
1.64
1.78
4.73
3.39
3.36
1.96
3.09
2.86
2.09
1.59
0.69
2.06
4.94
2.17
3.61
2.77
2.55
2.36
2.57
2.99
1.46
2.77
1.41
1.98
1.55
1.80
3.08
2.17
3.32
3.62
2.91
2.10
1.30
2.94
3.24
1.81
4.54
0.90
3.19
3.84
2.36
3.23
1.70
2.65
2.07
2.34
2.00
2.59
1.53
1.14
0.29
2.18
1.12
2.70
4.13
2.90
1.94
2.42
3.37
2.26
1.86
2.62
1.27
0.68
3.63
2.85
2.70
0.97
1.28
4.13
2.76
2.33
1.48
1.56
4.60
3.32
3.46
2.61
2.68
3.68
0.39
3.86
1.30
2.42
2.45
0.59
4.09
1.16
3.62
3.22
3.38
2.92
3.03
3.38
2.40
3.35
1.05
1.17
0.25
3.20
2.34
2.33
0.68
1.84
5.09
1.41
1.31
1.34
1.11
2.68
2.41
2.16
2.88
1.46
2.16
2.89
2.94
3.94
3.70
1.51
1.25
3.81
2.38
2.54
2.88
2.29
2.52
3.30
0.94
1.17
3.29
1.50
3.26
2.96
2.18
4.73
3.08
2.44
1.16
4.05
2.39
2.22
1.73
2.12
1.64
1.29
0.25
2.66
1.27
1.68
2.61
