# MET range 978811231 - 979384042
# 12x60 multiple cull dump
# Rows are the 60 angle bins; columns are ESA 1 -- 6 rates and
# uncertainties of combined culls "3" and "2", with the latter
# serving as the base good cull.  Penetrating background has been
# subtracted:  0.049602 +- 0.001934 Hz.  Rates below are in Hz.
#
# histogram bin type DEqabc
# Ion Gun background was subtracted.
# histogram cadence used (688.099 s)
0.000000	0.027775	0.028473	0.021624	0.048229	0.014553	0.061689	0.011464	0.080778	0.014098	0.127898	0.017072
0.013128	0.025499	0.048751	0.023448	0.052482	0.014861	0.057100	0.011232	0.093398	0.014602	0.091091	0.015591
0.033135	0.027023	0.016306	0.020451	0.020581	0.012369	0.044479	0.010568	0.084220	0.014237	0.137100	0.017423
0.033135	0.027023	0.052807	0.023796	0.035468	0.013589	0.057100	0.011232	0.106019	0.015090	0.131841	0.017223
0.053414	0.028504	0.048751	0.023448	0.050356	0.014708	0.049068	0.010814	0.104871	0.015046	0.141043	0.017571
0.016913	0.025777	0.044696	0.023095	0.037595	0.013754	0.062836	0.011521	0.103724	0.015002	0.142358	0.017620
0.016913	0.025777	0.052807	0.023796	0.031215	0.013252	0.063983	0.011578	0.104871	0.015046	0.121325	0.016817
0.053414	0.028504	0.020362	0.020849	0.020581	0.012369	0.076604	0.012188	0.102577	0.014959	0.127898	0.017072
0.045302	0.027921	0.012250	0.020045	0.037595	0.013754	0.074309	0.012079	0.076188	0.013910	0.079261	0.015084
0.061525	0.029075	0.004139	0.019206	0.060989	0.015458	0.076604	0.012188	0.093398	0.014602	0.091091	0.015591
0.069636	0.029636	0.024417	0.021240	0.063116	0.015603	0.081193	0.012402	0.085367	0.014283	0.083204	0.015255
0.033135	0.027023	0.085252	0.026417	0.048229	0.014553	0.066278	0.011692	0.104871	0.015046	0.105551	0.016189
0.093970	0.031256	0.040640	0.022736	0.075877	0.016450	0.088077	0.012716	0.089956	0.014466	0.087148	0.015424
0.029239	0.027987	0.071632	0.026588	0.089296	0.018036	0.111192	0.014024	0.045721	0.012848	0.118492	0.017138
0.060540	0.030385	0.058217	0.025435	0.084666	0.017736	0.101593	0.013608	0.096119	0.015018	0.100499	0.016395
0.074159	0.031386	0.067160	0.026209	0.082351	0.017584	0.111192	0.014024	0.126118	0.016172	0.094963	0.016160
0.121830	0.034808	0.071632	0.026588	0.061516	0.016155	0.079993	0.012619	0.118919	0.015903	0.097731	0.016278
0.096802	0.032979	0.093990	0.028406	0.066146	0.016483	0.108792	0.013921	0.153717	0.017166	0.135101	0.017796
0.135416	0.035681	0.049274	0.024636	0.082351	0.017584	0.148391	0.015535	0.160917	0.017416	0.154478	0.018534
0.133028	0.035962	0.058217	0.025435	0.170319	0.022646	0.160390	0.015991	0.160917	0.017416	0.183544	0.019590
0.051521	0.030051	0.089519	0.028052	0.170319	0.022646	0.232388	0.018496	0.186116	0.018263	0.193232	0.019929
0.114342	0.034124	0.120820	0.030445	0.098556	0.018620	0.153191	0.015719	0.188516	0.018342	0.201537	0.020215
0.088218	0.032416	0.120820	0.030445	0.093926	0.018330	0.111192	0.014024	0.154917	0.017208	0.161398	0.018791
0.035711	0.029022	0.017973	0.021610	0.049941	0.015303	0.094393	0.013286	0.141718	0.016741	0.197384	0.020073
0.031070	0.028648	0.044802	0.024227	0.056886	0.015819	0.103993	0.013713	0.145318	0.016870	0.157246	0.018637
0.053918	0.030069	0.058217	0.025435	0.003642	0.011269	0.079993	0.012619	0.108119	0.015490	0.169703	0.019094
0.000000	0.023735	0.080575	0.027330	0.042997	0.014768	0.070394	0.012154	0.082920	0.014481	0.161398	0.018791
0.051597	0.029720	0.040331	0.023811	0.047626	0.015127	0.064394	0.011855	0.064921	0.013715	0.143406	0.018116
0.065012	0.030712	0.000086	0.019672	0.036052	0.014214	0.069194	0.012095	0.081720	0.014432	0.122644	0.017305
0.038182	0.028693	0.009029	0.020664	0.073091	0.016964	0.039195	0.010502	0.097319	0.015066	0.151710	0.018431
0.000000	0.023735	0.044802	0.024227	0.022162	0.013033	0.047595	0.010971	0.070920	0.013975	0.112956	0.016913
0.015824	0.026894	0.022444	0.022068	0.036052	0.014214	0.040395	0.010570	0.057721	0.013397	0.094963	0.016160
0.038182	0.028693	0.040331	0.023811	0.038367	0.014401	0.021196	0.009418	0.084120	0.014531	0.088042	0.015861
0.005967	0.025001	0.020362	0.020849	0.035468	0.013589	0.036448	0.010123	0.075041	0.013862	0.135785	0.017373
0.011503	0.025567	0.000000	0.018330	0.056736	0.015162	0.054805	0.011114	0.081925	0.014144	0.105551	0.016189
0.008902	0.025147	0.044696	0.023095	0.048229	0.014553	0.034153	0.009992	0.067010	0.013526	0.097664	0.015866
0.037191	0.027326	0.024417	0.021240	0.041849	0.014079	0.053658	0.011055	0.042916	0.012462	0.089777	0.015535
0.025024	0.026407	0.000000	0.017410	0.041849	0.014079	0.038742	0.010252	0.060126	0.013231	0.058228	0.014138
0.061525	0.029075	0.064974	0.024812	0.014201	0.011808	0.037595	0.010187	0.042916	0.012462	0.039825	0.013255
0.033135	0.027023	0.020362	0.020849	0.046102	0.014397	0.045626	0.010630	0.017675	0.011240	0.029309	0.012722
0.000000	0.023437	0.028473	0.021624	0.043975	0.014239	0.035300	0.010057	0.032590	0.011977	0.010905	0.011733
0.004746	0.024801	0.024417	0.021240	0.022708	0.012551	0.028416	0.009657	0.029148	0.011811	0.026680	0.012586
0.000000	0.020438	0.012250	0.020045	0.026961	0.012906	0.023827	0.009380	0.003907	0.010514	0.020107	0.012238
0.000000	0.024129	0.028473	0.021624	0.018454	0.012185	0.026122	0.009519	0.007349	0.010700	0.021421	0.012308
0.049358	0.028214	0.040640	0.022736	0.029088	0.013080	0.024974	0.009450	0.008496	0.010762	0.025365	0.012517
0.000000	0.023437	0.020362	0.020849	0.035468	0.013589	0.029564	0.009725	0.011938	0.010944	0.004333	0.011359
0.000000	0.023084	0.000000	0.017876	0.014201	0.011808	0.023827	0.009380	0.030295	0.011867	0.017478	0.012096
0.000000	0.024129	0.004139	0.019206	0.022708	0.012551	0.034153	0.009992	0.000000	0.009869	0.030623	0.012790
0.020968	0.026094	0.036584	0.022371	0.018454	0.012185	0.036448	0.010123	0.005054	0.010577	0.033252	0.012925
0.016913	0.025777	0.004139	0.019206	0.043975	0.014239	0.047921	0.010753	0.026853	0.011699	0.050341	0.013766
0.008801	0.025131	0.000000	0.016438	0.000000	0.010381	0.014648	0.008801	0.024559	0.011586	0.074002	0.014853
0.004746	0.024801	0.040640	0.022736	0.048229	0.014553	0.042184	0.010443	0.044063	0.012515	0.024051	0.012448
0.029080	0.026717	0.020362	0.020849	0.029088	0.013080	0.047921	0.010753	0.056684	0.013081	0.079261	0.015084
0.008801	0.025131	0.032529	0.022001	0.041849	0.014079	0.055952	0.011173	0.062420	0.013330	0.047712	0.013640
0.004746	0.024801	0.032529	0.022001	0.050356	0.014708	0.063983	0.011578	0.067010	0.013526	0.091091	0.015591
0.000000	0.023084	0.020362	0.020849	0.035468	0.013589	0.089225	0.012768	0.107166	0.015134	0.177850	0.018898
0.000000	0.024129	0.000000	0.017876	0.071623	0.016173	0.154622	0.015429	0.192068	0.018067	0.181793	0.019034
0.025024	0.026407	0.008195	0.019630	0.031215	0.013252	0.151180	0.015300	0.177153	0.017588	0.197568	0.019571
0.065581	0.029357	0.048751	0.023448	0.060989	0.015458	0.092667	0.012922	0.143881	0.016467	0.139729	0.017522
0.029080	0.026717	0.032529	0.022001	0.024835	0.012730	0.066278	0.011692	0.089956	0.014466	0.106866	0.016242
