# Some data:  x, y, and yerr (maybe).
3.2 21.33 1.0
3.7 22.34 1.0
4.2 21.01 1.0
4.7 20.50 1.0
5.2 20.20 1.0
5.7 23.37 1.0
6.2 28.28 1.0
6.7 27.47 1.0
7.2 26.31 1.0
7.7 24.71 1.0
8.2 31.38 1.0
8.7 35.37 1.0
9.2 33.09 1.0
9.7 33.02 1.0
10.2 36.70 1.0
10.7 35.76 1.0
11.2 39.39 1.0
11.7 40.23 1.0
12.2 38.55 1.0
12.7 42.83 1.0
13.2 46.81 1.0
13.7 46.83 1.0
14.2 50.28 1.0
14.7 50.69 1.0
15.2 53.18 1.0
15.7 55.37 1.0
16.2 53.77 1.0
16.7 59.10 1.0
17.2 59.51 1.0
17.7 62.48 1.0
18.2 62.80 1.0
18.7 65.79 1.0
19.2 65.87 1.0
19.7 69.88 1.0
20.2 71.65 1.0
20.7 77.61 1.0
21.2 76.05 1.0
21.7 83.02 1.0
22.2 79.49 1.0
22.7 86.62 1.0
