A	B
485.6	-0.19269
485.6005	-0.19278
485.601	-0.19288
485.6015	-0.19288
485.602	-0.19287
485.6025	-0.19284
485.603	-0.1926
485.6035	-0.19286
485.604	-0.19292
485.6045	-0.19271
485.605	-0.19266
485.6055	-0.19267
485.606	-0.19272
485.6065	-0.19303
485.607	-0.19277
485.6075	-0.19296
485.608	-0.19272
485.6085	-0.193
485.609	-0.19272
485.6095	-0.19298
485.61	-0.19314
485.6105	-0.19274
485.611	-0.19291
485.6115	-0.19276
485.612	-0.19289
485.6125	-0.19258
485.613	-0.19337
485.6135	-0.1928
485.614	-0.1928
485.6145	-0.19288
485.615	-0.19321
485.6155	-0.19291
485.616	-0.19291
485.6165	-0.19306
485.617	-0.19299
485.6175	-0.19274
485.618	-0.19317
485.6185	-0.19278
485.619	-0.19302
485.6195	-0.19325
485.62	-0.19278
485.6205	-0.19294
485.621	-0.19288
485.6215	-0.19306
485.622	-0.19332
485.6225	-0.19323
485.623	-0.19296
485.6235	-0.19323
485.624	-0.193
485.6245	-0.19327
485.625	-0.19288
485.6255	-0.19296
485.626	-0.19293
485.6265	-0.19322
485.627	-0.19321
485.6275	-0.19317
485.628	-0.19281
485.6285	-0.19291
485.629	-0.19273
485.6295	-0.19289
485.63	-0.1933
485.6305	-0.1928
485.631	-0.19313
485.6315	-0.19291
485.632	-0.19297
485.6325	-0.19312
485.633	-0.19277
485.6335	-0.1931
485.634	-0.19293
485.6345	-0.19344
485.635	-0.19305
485.6355	-0.19314
485.636	-0.19324
485.6365	-0.19296
485.637	-0.19316
485.6375	-0.19325
485.638	-0.19289
485.6385	-0.19324
485.639	-0.19286
485.6395	-0.19298
485.64	-0.19298
485.6405	-0.19284
485.641	-0.19282
485.6415	-0.19345
485.642	-0.193
485.6425	-0.19298
485.643	-0.19341
485.6435	-0.19312
485.644	-0.19328
485.6445	-0.19282
485.645	-0.19319
485.6455	-0.19313
485.646	-0.19338
485.6465	-0.19377
485.647	-0.19313
485.6475	-0.19317
485.648	-0.19371
485.6485	-0.19347
485.649	-0.19298
485.6495	-0.1934
485.65	-0.19316
485.6505	-0.19336
485.651	-0.1933
485.6515	-0.19321
485.652	-0.19358
485.6525	-0.19353
485.653	-0.19338
485.6535	-0.19342
485.654	-0.19317
485.6545	-0.19359
485.655	-0.1933
485.6555	-0.19387
485.656	-0.19378
485.6565	-0.19352
485.657	-0.19377
485.6575	-0.1935
485.658	-0.19372
485.6585	-0.1938
485.659	-0.19346
485.6595	-0.19377
485.66	-0.19402
485.6605	-0.19369
485.661	-0.19388
485.6615	-0.19352
485.662	-0.194
485.6625	-0.19469
485.663	-0.19427
485.6635	-0.19437
485.664	-0.19454
485.6645	-0.19435
485.665	-0.19435
485.6655	-0.19428
485.666	-0.19523
485.6665	-0.19465
485.667	-0.1946
485.6675	-0.19533
485.668	-0.19427
485.6685	-0.19468
485.669	-0.19514
485.6695	-0.19524
485.67	-0.19505
485.6705	-0.19478
485.671	-0.19565
485.6715	-0.19549
485.672	-0.19584
485.6725	-0.1968
485.673	-0.19625
485.6735	-0.19654
485.674	-0.19615
485.6745	-0.19702
485.675	-0.19682
485.6755	-0.19727
485.676	-0.19787
485.6765	-0.1969
485.677	-0.19793
485.6775	-0.19855
485.678	-0.19947
485.6785	-0.19945
485.679	-0.20089
485.6795	-0.19992
485.68	-0.2002
485.6805	-0.20111
485.681	-0.20039
485.6815	-0.20245
485.682	-0.20287
485.6825	-0.20392
485.683	-0.20476
485.6835	-0.20536
485.684	-0.20474
485.6845	-0.20685
485.685	-0.20946
485.6855	-0.2085
485.686	-0.21011
485.6865	-0.21286
485.687	-0.21299
485.6875	-0.21403
485.688	-0.21779
485.6885	-0.2188
485.689	-0.21973
485.6895	-0.22476
485.69	-0.222
485.6905	-0.22517
485.691	-0.22804
485.6915	-0.22973
485.692	-0.2334
485.6925	-0.23721
485.693	-0.24249
485.6935	-0.24612
485.694	-0.24775
485.6945	-0.24912
485.695	-0.25118
485.6955	-0.25222
485.696	-0.26038
485.6965	-0.26695
485.697	-0.26852
485.6975	-0.27537
485.698	-0.28087
485.6985	-0.28205
485.699	-0.28722
485.6995	-0.29576
485.7	-0.30024
485.7005	-0.31148
485.701	-0.31743
485.7015	-0.32223
485.702	-0.32488
485.7025	-0.32842
485.703	-0.33125
485.7035	-0.33709
485.704	-0.34119
485.7045	-0.34755
485.705	-0.34689
485.7055	-0.35727
485.706	-0.35816
485.7065	-0.35478
485.707	-0.35872
485.7075	-0.36164
485.708	-0.36221
485.7085	-0.35366
485.709	-0.36684
485.7095	-0.36788
485.71	-0.36664
485.7105	-0.35949
485.711	-0.36063
485.7115	-0.3611
485.712	-0.35734
485.7125	-0.34872
485.713	-0.34761
485.7135	-0.34734
485.714	-0.33598
485.7145	-0.33394
485.715	-0.32376
485.7155	-0.31995
485.716	-0.31804
485.7165	-0.3173
485.717	-0.31266
485.7175	-0.30215
485.718	-0.29642
485.7185	-0.29649
485.719	-0.28946
485.7195	-0.28605
485.72	-0.27972
485.7205	-0.27255
485.721	-0.27153
485.7215	-0.26357
485.722	-0.25876
485.7225	-0.25389
485.723	-0.25045
485.7235	-0.24886
485.724	-0.24768
485.7245	-0.24382
485.725	-0.24047
485.7255	-0.23935
485.726	-0.23422
485.7265	-0.23238
485.727	-0.23096
485.7275	-0.23103
485.728	-0.22705
485.7285	-0.2248
485.729	-0.22239
485.7295	-0.22014
485.73	-0.21695
485.7305	-0.21904
485.731	-0.2173
485.7315	-0.21412
485.732	-0.21194
485.7325	-0.21163
485.733	-0.21015
485.7335	-0.20921
485.734	-0.2086
485.7345	-0.207
485.735	-0.2069
485.7355	-0.20541
485.736	-0.20531
485.7365	-0.20399
485.737	-0.20301
485.7375	-0.20315
485.738	-0.20126
485.7385	-0.20024
485.739	-0.20073
485.7395	-0.20082
485.74	-0.20021
485.7405	-0.19842
485.741	-0.19921
485.7415	-0.19912
485.742	-0.19815
485.7425	-0.19821
485.743	-0.19737
485.7435	-0.19665
485.744	-0.19737
485.7445	-0.1963
485.745	-0.19652
485.7455	-0.19635
485.746	-0.19588
485.7465	-0.19593
485.747	-0.19604
485.7475	-0.19567
485.748	-0.19624
485.7485	-0.19601
485.749	-0.19544
485.7495	-0.19541
485.75	-0.19492
485.7505	-0.19524
485.751	-0.19512
485.7515	-0.19464
485.752	-0.19522
485.7525	-0.19516
485.753	-0.19447
485.7535	-0.19507
485.754	-0.19522
485.7545	-0.19483
485.755	-0.19433
485.7555	-0.19529
485.756	-0.19518
485.7565	-0.19507
485.757	-0.19455
485.7575	-0.19456
485.758	-0.1951
485.7585	-0.19569
485.759	-0.19469
485.7595	-0.19511
485.76	-0.19467
485.7605	-0.19426
485.761	-0.19505
485.7615	-0.19469
485.762	-0.19461
485.7625	-0.19466
485.763	-0.19448
485.7635	-0.1953
485.764	-0.19449
485.7645	-0.195
485.765	-0.19455
485.7655	-0.19493
485.766	-0.195
485.7665	-0.19494
485.767	-0.19533
485.7675	-0.19457
485.768	-0.19508
485.7685	-0.19518
485.769	-0.195
485.7695	-0.19492
485.77	-0.19535
485.7705	-0.19522
485.771	-0.19521
485.7715	-0.19529
485.772	-0.19546
485.7725	-0.19483
485.773	-0.1955
485.7735	-0.19533
485.774	-0.19547
485.7745	-0.19558
485.775	-0.19572
485.7755	-0.19556
485.776	-0.19504
485.7765	-0.19551
485.777	-0.19556
485.7775	-0.19483
485.778	-0.19527
485.7785	-0.19504
485.779	-0.19608
485.7795	-0.19618
485.78	-0.19605
485.7805	-0.19605
485.781	-0.19675
485.7815	-0.19666
485.782	-0.19648
485.7825	-0.19693
485.783	-0.19712
485.7835	-0.19672
485.784	-0.19674
485.7845	-0.19676
485.785	-0.19686
485.7855	-0.1974
485.786	-0.1974
485.7865	-0.19811
485.787	-0.19809
485.7875	-0.19669
485.788	-0.19769
485.7885	-0.19788
485.789	-0.19819
485.7895	-0.19854
485.79	-0.19759
485.7905	-0.19829
485.791	-0.19898
485.7915	-0.19832
485.792	-0.19965
485.7925	-0.19876
485.793	-0.20051
485.7935	-0.19931
485.794	-0.199
485.7945	-0.20036
485.795	-0.20084
485.7955	-0.20157
485.796	-0.20059
485.7965	-0.20205
485.797	-0.20043
485.7975	-0.20138
485.798	-0.20148
485.7985	-0.20266
485.799	-0.20367
485.7995	-0.20253
485.8	-0.20297
485.8005	-0.20394
485.801	-0.20538
485.8015	-0.20619
485.802	-0.20594
485.8025	-0.20696
485.803	-0.20808
485.8035	-0.20797
485.804	-0.20774
485.8045	-0.21013
485.805	-0.21167
485.8055	-0.21354
485.806	-0.21267
485.8065	-0.2137
485.807	-0.21373
485.8075	-0.21532
485.808	-0.21943
485.8085	-0.22102
485.809	-0.22366
485.8095	-0.22426
485.81	-0.22602
485.8105	-0.22837
485.811	-0.23245
485.8115	-0.23387
485.812	-0.23925
485.8125	-0.2395
485.813	-0.24438
485.8135	-0.24705
485.814	-0.25315
485.8145	-0.25559
485.815	-0.26129
485.8155	-0.26705
485.816	-0.2715
485.8165	-0.27982
485.817	-0.28105
485.8175	-0.28412
485.818	-0.29559
485.8185	-0.29938
485.819	-0.30913
485.8195	-0.3177
485.82	-0.32725
485.8205	-0.3354
485.821	-0.34636
485.8215	-0.35528
485.822	-0.37397
485.8225	-0.38146
485.823	-0.38629
485.8235	-0.41481
485.824	-0.41751
485.8245	-0.4377
485.825	-0.45253
485.8255	-0.47468
485.826	-0.47621
485.8265	-0.49925
485.827	-0.51663
485.8275	-0.53772
485.828	-0.55386
485.8285	-0.57973
485.829	-0.59656
485.8295	-0.61873
485.83	-0.63719
485.8305	-0.68138
485.831	-0.70415
485.8315	-0.71951
485.832	-0.74634
485.8325	-0.76919
485.833	-0.80395
485.8335	-0.80073
485.834	-0.82241
485.8345	-0.84938
485.835	-0.86019
485.8355	-0.89899
485.836	-0.91168
485.8365	-0.92563
485.837	-0.94352
485.8375	-0.96506
485.838	-0.97261
485.8385	-0.98886
485.839	-0.98251
485.8395	-0.97756
485.84	-0.98126
485.8405	-0.98626
485.841	-0.97108
485.8415	-0.96916
485.842	-0.97333
485.8425	-0.96345
485.843	-0.95163
485.8435	-0.90716
485.844	-0.9108
485.8445	-0.89073
485.845	-0.9055
485.8455	-0.8935
485.846	-0.86521
485.8465	-0.84164
485.847	-0.81334
485.8475	-0.79285
485.848	-0.75929
485.8485	-0.74968
485.849	-0.71652
485.8495	-0.70394
485.85	-0.68172
485.8505	-0.66037
485.851	-0.64081
485.8515	-0.62139
485.852	-0.60899
485.8525	-0.57875
485.853	-0.57234
485.8535	-0.523
485.854	-0.52245
485.8545	-0.51393
485.855	-0.47982
485.8555	-0.47052
485.856	-0.46939
485.8565	-0.43578
485.857	-0.4337
485.8575	-0.41541
485.858	-0.39754
485.8585	-0.39435
485.859	-0.37082
485.8595	-0.3651
485.86	-0.3617
485.8605	-0.34835
485.861	-0.34323
485.8615	-0.33286
485.862	-0.32309
485.8625	-0.31044
485.863	-0.30549
485.8635	-0.30003
485.864	-0.2924
485.8645	-0.28444
485.865	-0.27989
485.8655	-0.27142
485.866	-0.26777
485.8665	-0.26924
485.867	-0.25795
485.8675	-0.25694
485.868	-0.2531
485.8685	-0.24542
485.869	-0.24425
485.8695	-0.23867
485.87	-0.23673
485.8705	-0.2336
485.871	-0.23074
485.8715	-0.2284
485.872	-0.22619
485.8725	-0.22288
485.873	-0.22147
485.8735	-0.21932
485.874	-0.21593
485.8745	-0.21687
485.875	-0.21301
485.8755	-0.21223
485.876	-0.21088
485.8765	-0.20989
485.877	-0.20916
485.8775	-0.20489
485.878	-0.20684
485.8785	-0.205
485.879	-0.20502
485.8795	-0.205
485.88	-0.20301
485.8805	-0.20419
485.881	-0.20179
485.8815	-0.20278
485.882	-0.20103
485.8825	-0.20245
485.883	-0.20023
485.8835	-0.20005
485.884	-0.19926
485.8845	-0.19946
485.885	-0.1993
485.8855	-0.19876
485.886	-0.19914
485.8865	-0.19904
485.887	-0.19826
485.8875	-0.19782
485.888	-0.1981
485.8885	-0.1971
485.889	-0.19768
485.8895	-0.1978
485.89	-0.19674
485.8905	-0.19655
485.891	-0.19707
485.8915	-0.19709
485.892	-0.19669
485.8925	-0.19637
485.893	-0.19638
485.8935	-0.19637
485.894	-0.19601
485.8945	-0.19585
485.895	-0.19555
485.8955	-0.19718
485.896	-0.19585
485.8965	-0.19604
485.897	-0.19602
485.8975	-0.19557
485.898	-0.19559
485.8985	-0.19585
485.899	-0.19599
485.8995	-0.19536
485.9	-0.19559
485.9005	-0.19568
485.901	-0.19564
485.9015	-0.19541
485.902	-0.19518
485.9025	-0.1948
485.903	-0.19429
485.9035	-0.19478
485.904	-0.19398
485.9045	-0.19511
485.905	-0.19443
485.9055	-0.19487
485.906	-0.19497
485.9065	-0.19469
485.907	-0.19492
485.9075	-0.19474
485.908	-0.19407
485.9085	-0.19484
485.909	-0.19465
485.9095	-0.19422
485.91	-0.19456
485.9105	-0.19441
485.911	-0.19439
485.9115	-0.19472
485.912	-0.19449
485.9125	-0.19405
485.913	-0.19399
485.9135	-0.19375
485.914	-0.19452
485.9145	-0.19403
485.915	-0.19443
485.9155	-0.1938
485.916	-0.19444
485.9165	-0.19396
485.917	-0.1943
485.9175	-0.19414
485.918	-0.19376
485.9185	-0.19376
485.919	-0.19424
485.9195	-0.19394
485.92	-0.19439
485.9205	-0.19435
485.921	-0.19383
485.9215	-0.1937
485.922	-0.19388
485.9225	-0.19407
485.923	-0.19399
485.9235	-0.1936
485.924	-0.19405
485.9245	-0.19355
485.925	-0.1938
485.9255	-0.19411
485.926	-0.19367
485.9265	-0.1936
485.927	-0.19341
485.9275	-0.19372
485.928	-0.19386
485.9285	-0.19356
485.929	-0.19355
485.9295	-0.19373
485.93	-0.19322
485.9305	-0.19354
485.931	-0.19344
485.9315	-0.1937
485.932	-0.19364
485.9325	-0.1938
485.933	-0.19419
485.9335	-0.19317
485.934	-0.19364
485.9345	-0.19363
485.935	-0.19389
485.9355	-0.19353
485.936	-0.19335
485.9365	-0.19321
485.937	-0.19315
485.9375	-0.19358
485.938	-0.19358
485.9385	-0.19316
485.939	-0.19322
485.9395	-0.19341
485.94	-0.19366
485.9405	-0.19346
485.941	-0.19328
485.9415	-0.19302
485.942	-0.19348
485.9425	-0.19346
485.943	-0.19355
485.9435	-0.19338
485.944	-0.19295
485.9445	-0.19368
485.945	-0.19313
485.9455	-0.19329
485.946	-0.19352
485.9465	-0.19323
485.947	-0.19347
485.9475	-0.19285
485.948	-0.19305
485.9485	-0.1936
485.949	-0.19328
485.9495	-0.1929
485.95	-0.19341
485.9505	-0.19344
485.951	-0.19318
485.9515	-0.19305
485.952	-0.19347
485.9525	-0.19299
485.953	-0.19376
485.9535	-0.19302
485.954	-0.19342
485.9545	-0.19307
485.955	-0.19322
485.9555	-0.19292
485.956	-0.19288
485.9565	-0.19323
485.957	-0.19266
485.9575	-0.19335
485.958	-0.19332
485.9585	-0.19316
485.959	-0.19317
485.9595	-0.19278
485.96	-0.19305
485.9605	-0.19338
485.961	-0.19314
485.9615	-0.19316
485.962	-0.19299
485.9625	-0.1933
485.963	-0.19297
485.9635	-0.193
485.964	-0.19296
485.9645	-0.19278
485.965	-0.19286
485.9655	-0.19298
485.966	-0.19269
485.9665	-0.19297
485.967	-0.19282
485.9675	-0.1928
485.968	-0.19314
485.9685	-0.19296
485.969	-0.19322
485.9695	-0.19309
485.97	-0.19272
485.9705	-0.19323
485.971	-0.19287
485.9715	-0.19322
485.972	-0.19268
485.9725	-0.19289
485.973	-0.19308
485.9735	-0.19288
485.974	-0.19307
485.9745	-0.19267
485.975	-0.19302
485.9755	-0.1929
485.976	-0.19266
485.9765	-0.19324
485.977	-0.19303
485.9775	-0.19312
485.978	-0.19267
485.9785	-0.19296
485.979	-0.19286
485.9795	-0.1929
485.98	-0.19288
485.9805	-0.19285
485.981	-0.19256
485.9815	-0.19281
485.982	-0.19295
485.9825	-0.19277
485.983	-0.19282
485.9835	-0.19275
485.984	-0.19296
485.9845	-0.19272
485.985	-0.1929
485.9855	-0.19285
485.986	-0.19269
485.9865	-0.19274
485.987	-0.19297
485.9875	-0.19274
485.988	-0.19293
485.9885	-0.19296
485.989	-0.19278
485.9895	-0.19282
485.99	-0.19264
485.9905	-0.19309
485.991	-0.19285
485.9915	-0.19292
485.992	-0.19305
485.9925	-0.19305
485.993	-0.19291
485.9935	-0.19273
485.994	-0.19302
485.9945	-0.19279
485.995	-0.19291
485.9955	-0.19279
485.996	-0.19291
485.9965	-0.19299
485.997	-0.19288
485.9975	-0.19283
485.998	-0.19309
485.9985	-0.1927
485.999	-0.19281
485.9995	-0.19269
486	-0.19267
486	-0.19267
486	-0.19267
486	-0.19267
486	-0.19267
486	-0.19267
486	-0.19267
486	-0.19267
486	-0.19267
486	-0.19267
486	-0.19267
486	-0.19267
486	-0.19267
486	-0.19267
486	-0.19267
486	-0.19267
486	-0.19267
486	-0.19267
486	-0.19267
486	-0.19267
486	-0.19267
486	-0.19267
486	-0.19267
486	-0.19267
486	-0.19267
486	-0.19267
486	-0.19267
486	-0.19267
486	-0.19267
486	-0.19267
486	-0.19267
486	-0.19267
486	-0.19267
486	-0.19267
486	-0.19267
486	-0.19267
486	-0.19267
486	-0.19267
486	-0.19267
486	-0.19267
486	-0.19267
486	-0.19267
486	-0.19267
486	-0.19267
486	-0.19267
486	-0.19267
486	-0.19267
486	-0.19267
486	-0.19267
486	-0.19267
486	-0.19267
486	-0.19267
486	-0.19267
486	-0.19267
486	-0.19267
486	-0.19267
486	-0.19267
486	-0.19267
486	-0.19267
486	-0.19267
486	-0.19267
486	-0.19267
486	-0.19267
486	-0.19267
486	-0.19267
486	-0.19267
486	-0.19267
486	-0.19267
486	-0.19267
486	-0.19267
486	-0.19267
486	-0.19267
486	-0.19267
486	-0.19267
486	-0.19267
486	-0.19267
486	-0.19267
486	-0.19267
486	-0.19267
486	-0.19267
486	-0.19267
486	-0.19267
486	-0.19267
486	-0.19267
486	-0.19267
486	-0.19267
486	-0.19267
486	-0.19267
486	-0.19267
486	-0.19267
486	-0.19267
486	-0.19267
486	-0.19267
486	-0.19267
486	-0.19267
486	-0.19267
486	-0.19267
486	-0.19267
486	-0.19267
486	-0.19267
486	-0.19267
486	-0.19267
486	-0.19267
486	-0.19267
486	-0.19267
486	-0.19267
486	-0.19267
486	-0.19267
486	-0.19267
486	-0.19267
486	-0.19267
486	-0.19267
486	-0.19267
486	-0.19267
486	-0.19267
486	-0.19267
486	-0.19267
486	-0.19267
486	-0.19267
486	-0.19267
486	-0.19267
486	-0.19267
486	-0.19267
486	-0.19267
486	-0.19267
486	-0.19267
486	-0.19267
486	-0.19267
486	-0.19267
486	-0.19267
486	-0.19267
486	-0.19267
486	-0.19267
486	-0.19267
486	-0.19267
486	-0.19267
486	-0.19267
486	-0.19267
486	-0.19267
486	-0.19267
486	-0.19267
486	-0.19267
486	-0.19267
486	-0.19267
486	-0.19267
486	-0.19267
486	-0.19267
486	-0.19267
486	-0.19267
486	-0.19267
486	-0.19267
486	-0.19267
486	-0.19267
486	-0.19267
486	-0.19267
486	-0.19267
486	-0.19267
486	-0.19267
486	-0.19267
486	-0.19267
486	-0.19267
486	-0.19267
486	-0.19267
486	-0.19267
486	-0.19267
486	-0.19267
486	-0.19267
486	-0.19267
486	-0.19267
486	-0.19267
486	-0.19267
486	-0.19267
486	-0.19267
486	-0.19267
486	-0.19267
486	-0.19267
486	-0.19267
486	-0.19267
486	-0.19267
486	-0.19267
486	-0.19267
486	-0.19267
486	-0.19267
486	-0.19267
486	-0.19267
486	-0.19267
486	-0.19267
486	-0.19267
486	-0.19267
486	-0.19267
486	-0.19267
486	-0.19267
486	-0.19267
486	-0.19267
486	-0.19267
486	-0.19267
486	-0.19267
486	-0.19267
486	-0.19267
486	-0.19267
486	-0.19267
